20  3.0  200  -252.00308637395565  [-0.9999904743776047, -0.9999904743776047, -1.4999809488199873, -1.4999809488199871, -1.4999809489122573, -1.4999809489122573, -1.4999809489122564, -1.4999809489122564, -1.4999809489122564, -1.4999809489122564, -1.4999809489122562, -1.4999809489122564, -1.4999809489122569, -1.4999809489122569, -1.499980948912258, -1.499980948912258, -1.499980948819988, -1.499980948819988, -0.9999904743776045, -0.9999904743776045]
20  2.0  200  -112.03514522890484  [-0.9997560498376671, -0.9997560498376671, -1.4995121421295565, -1.4995121421295567, -1.4995122026185281, -1.499512202618528, -1.4995122026068155, -1.4995122026068155, -1.4995122026068175, -1.4995122026068177, -1.4995122026068175, -1.4995122026068175, -1.4995122026068104, -1.4995122026068104, -1.4995122026182237, -1.4995122026182235, -1.4995121421289594, -1.4995121421289597, -0.9997560498376868, -0.9997560498376868]
20  1.5  200  -63.196916835583  [-0.9975801620763745, -0.9975801620763745, -1.4951644582675367, -1.4951644582675367, -1.4951703705677561, -1.4951703705677564, -1.4951703590926901, -1.4951703590926901, -1.4951703591164216, -1.4951703591164214, -1.4951703591164172, -1.4951703591164174, -1.4951703590927221, -1.4951703590927221, -1.4951703705677462, -1.495170370567746, -1.495164458267831, -1.495164458267831, -0.9975801620766149, -0.9975801620766149]
20  1.0  200  -30.099142306723955  [-0.9472873212165192, -0.9472873212165192, -1.3960840089771218, -1.3960840089769446, -1.3985068605587105, -1.3985068605582713, -1.3984152257491864, -1.3984152257485964, -1.3984189122521589, -1.3984189122515016, -1.3984189122655175, -1.3984189122648607, -1.3984152258090303, -1.398415225808354, -1.3985068606570068, -1.398506860656497, -1.3960840090822177, -1.3960840090820577, -0.9472873212691112, -0.9472873212691112]
20  0.9  200  -26.364586526670987  [-0.8962236217640157, -0.8962236217640157, -1.2965851963941026, -1.2965851963934332, -1.3046822415241346, -1.304682241523047, -1.3041448291302904, -1.304144829129572, -1.304182666163558, -1.3041826661629372, -1.3041826661660438, -1.3041826661654128, -1.3041448291291147, -1.3041448291284183, -1.3046822414833628, -1.3046822414831623, -1.2965851963536523, -1.296585196353839, -0.8962236217546831, -0.8962236217546831]
20  0.8  200  -24.48498362304482  [-0.8010837984458814, -0.8010837984458814, -1.1069670883603897, -1.106967088360408, -1.1292161292275584, -1.129216129227559, -1.1269461636246205, -1.1269461636245897, -1.1271889093578806, -1.1271889093578522, -1.1271889093517122, -1.1271889093516854, -1.1269461636202296, -1.126946163620199, -1.1292161292083835, -1.1292161292083611, -1.106967088319288, -1.1069670883192837, -0.8010837984562134, -0.8010837984562134]
20  0.7  200  -25.601630002444125  [-0.6177990671052381, -0.6177990671052381, -0.7097112867031031, -0.7097112867034361, -0.750410496775505, -0.7504104967753646, -0.7449091893643729, -0.7449091893629404, -0.7456212782834227, -0.7456212782819722, -0.7456212778732074, -0.7456212778719794, -0.7449091886434159, -0.7449091886416991, -0.7504104959174105, -0.7504104959161217, -0.7097112869804549, -0.7097112869801713, -0.6177990684141161, -0.6177990684141161]
20  0.6  200  -32.69640940229445  [-0.15449280899644333, -0.15449280899644333, 0.34925172204262184, 0.3492517220462056, 0.3773057842072885, 0.37730578421776606, 0.38679189729353375, 0.3867918972986893, 0.38679369790924223, 0.38679369790514107, 0.38679370779419386, 0.3867937077918535, 0.3867918954861778, 0.386791895482263, 0.3773057863737234, 0.3773057863667257, 0.34925172541341565, 0.349251725410412, -0.15449281694690326, -0.15449281694690328]
20  0.5  200  -53.42644647674149  [0.9986611108120257, 0.9986611108120252, 2.509996941327384, 2.5099969412150545, 2.7692094573310335, 2.769209457270848, 2.7901694939799007, 2.7901694958183345, 2.7928774150148388, 2.7928774163183894, 2.792829236287136, 2.792829240383341, 2.790054350427253, 2.7900543551878507, 2.7691289991839736, 2.769129001154289, 2.5099831376047304, 2.5099831394059158, 0.9986590832249285, 0.9986590832249282]
20  0.4  200  -98.0613167223355  [2.355151134946927, 2.355151134946927, 4.210272721446064, 4.210272721446352, 4.401884202249485, 4.401884203787448, 4.404547952490213, 4.404547953911487, 4.404394821282714, 4.404394822744482, 4.405599965711864, 4.405599967612746, 4.40589118685637, 4.405891187147389, 4.402106890721533, 4.402106890703481, 4.210296868656881, 4.210296868662939, 2.355155313988491, 2.355155313988491]
20  0.3  200  -191.18918933992907  [3.198836626242649, 3.198836626242649, 5.042857047170254, 5.042857047170253, 5.112529999354079, 5.112529999354079, 5.112760305647941, 5.112760305647941, 5.112771776604446, 5.112771776604446, 5.112771776686615, 5.112771776686613, 5.112760306540562, 5.112760306540561, 5.112529999794497, 5.112529999794498, 5.042857045381858, 5.042857045381856, 3.1988366243968764, 3.198836624396877]
20  0.2  200  -445.9686198899275  [3.5393434445227503, 3.5393434445227503, 5.358865330189226, 5.358865330189227, 5.373097846161131, 5.373097846161131, 5.373103456643007, 5.373103456643007, 5.373103545627123, 5.373103545627123, 5.373103539892539, 5.373103539892539, 5.373103454095631, 5.373103454095631, 5.37309784662858, 5.37309784662858, 5.358865324322762, 5.358865324322762, 3.5393434445227117, 3.5393434445227117]
20  0.1  200  -1798.9854478702057  [3.6196270490595666, 3.6196270490595666, 5.43257437834286, 5.43257437834286, 5.433469708372328, 5.433469708372328, 5.433469727035254, 5.433469727035255, 5.433469727056899, 5.433469727056901, 5.433469727056831, 5.433469727056831, 5.433469727035079, 5.433469727035079, 5.433469708372645, 5.433469708372644, 5.432574378343154, 5.432574378343154, 3.619627049059357, 3.619627049059358]
