16  3.0  200  -135.0015695862292 [-0.999990023030059, -0.49999751992990077, -1.49998004603469, -0.4999950402587105, -1.4999800456488004, -0.49999504029238134, -1.4999800456476813, -0.4999950402910644, -1.4999800456477392, -0.49999504029076697, -1.4999800456472, -0.49999504028966874, -1.4999800460312196, -0.49999504025297825, -0.9999900230282479, -0.49999751992658303]
16  2.0  200  -60.01787964829427 [-0.9997442164052237, -0.49993646244913903, -1.4994883810363502, -0.4998731657971392, -1.4994881005216263, -0.4998731785523107, -1.4994880999365745, -0.49987317856554614, -1.4994880999364557, -0.49987317856552577, -1.4994881005200746, -0.4998731785522802, -1.4994883810414608, -0.4998731658049423, -0.9997442164111372, -0.49993646245632234]
16  1.5  200  -33.8505126695902 [-0.9974372237562522, -0.4993676518545828, -1.494869241599183, -0.49875944671722894, -1.494841038669767, -0.4987611909432662, -1.494840451453066, -0.4987612164223812, -1.494840451453328, -0.4987612164096952, -1.4948410386641258, -0.49876119092424304, -1.4948692419430478, -0.49875944670659755, -0.9974372240857584, -0.4993676518300252]
16  1.0  200  -16.16343922957075 [-0.9264663664715681, -0.48553819069312976, -1.3489465094160673, -0.4896328916321876, -1.3269251452279827, -0.49991114618708044, -1.3186338016096844, -0.5042271898670294, -1.3186338016441608, -0.5042271895556527, -1.3269251455111013, -0.4999111456415635, -1.3489465098476576, -0.48963289115962005, -0.9264663668175428, -0.4855381906177792]
16  0.9  200  -14.34123903466542 [-0.8211511370314407, -0.47160343762605117, -1.1384211662519714, -0.5258805254881698, -1.063376051227659, -0.5828247890801717, -1.0305861319019363, -0.6097708267165817, -1.0305861318022773, -0.6097708266078649, -1.0633760513361328, -0.5828247887174032, -1.1384211669198967, -0.5258805249478443, -0.8211511376234816, -0.4716034374711323]
16  0.8  200  -13.606544986185119 [-0.6912273610943204, -0.4391045620001327, -0.9176051089939443, -0.5400886114067509, -0.8247456977975133, -0.6288112348749239, -0.7889556888702611, -0.6632835958548919, -0.7889556889612478, -0.6632835958678187, -0.8247456978639256, -0.6288112349078712, -0.9176051088600251, -0.5400886120996093, -0.6912273605615773, -0.4391045622468762]
16  0.7  200  -14.32474703522399 [-0.5547461817107935, -0.34341361039690116, -0.6890219540664331, -0.40436860625831356, -0.6032386355922654, -0.5010676462022949, -0.5756014320670029, -0.5286361822299632, -0.5756014303022106, -0.5286361823330333, -0.6032386339602265, -0.5010676466649275, -0.6890219543203655, -0.4043686059878232, -0.5547461820866346, -0.3434136100239572]
16  0.6  200  -17.762619623999782 [-0.2825392010309127, -0.036382288356983115, -0.16655844306041617, 0.13571811802823314, -0.07481557431438683, -0.0012830335141178657, -0.05060378063996503, -0.024573799588772913, -0.05060376126044528, -0.0245738164904952, -0.0748155325345516, -0.0012830686476865416, -0.1665584130047249, 0.13571808851018352, -0.28253918728941463, -0.03638229356191193]
16  0.5  200  -27.275356834587456 [0.4479078605308877, 0.7692474444097821, 1.111687713680638, 1.456773196918061, 1.164141553167108, 1.1950862777322182, 1.1846725841825942, 1.1935641218428306, 1.1845834088066285, 1.193569896588364, 1.1640256885511775, 1.1951049469866484, 1.1116560194846925, 1.4567915676774836, 0.44789736795542645, 0.7692474330141411]
16  0.4  200  -48.68426992810142 [1.515782388043333, 1.7710406213509104, 2.5213962391453766, 2.7633928841909876, 2.385156890436453, 2.3749267800843987, 2.4297761459445795, 2.431943720226617, 2.4284877813405092, 2.431006188192698, 2.3823337466315095, 2.3723975105827844, 2.5200863788015573, 2.762039652351273, 1.5159069011959092, 1.7711787212741255]
16  0.3  200  -94.5884248160029 [2.2407160551763994, 2.3470373204094477, 3.2408654048417747, 3.3356647557740735, 2.9431138971851896, 2.9341570072392966, 3.0240685443603885, 3.0257908644118245, 3.0189422901529506, 3.0216361918696863, 2.9342764666166605, 2.926094573575605, 3.2369443866403627, 3.3316501352968264, 2.2410586911841235, 2.347482938898624]
16  0.2  200  -220.61626714615718 [2.535852166308695, 2.5588298945029715, 3.4958812092500815, 3.5158808254410214, 3.1328880807431023, 3.130625294763915, 3.231357956324885, 3.2318370624788484, 3.231357955669595, 3.2318370640471947, 3.1328880811905577, 3.1306252970743866, 3.4958812086302187, 3.5158808247743467, 2.5358521643605885, 2.558829892870831]
16  0.1  200  -889.973310526424 [2.605616344920128, 2.607081381799615, 3.552741154870642, 3.554005624979002, 3.174142278936718, 3.1739896979749602, 3.2767444264203993, 3.2767839325954546, 3.276704760440028, 3.2767461848805404, 3.174119706528897, 3.1739689986288635, 3.5527435936392795, 3.5540066816861913, 2.605617277720574, 2.6070809777421315]
16  0.05  200  -3561.7694254480252 [2.6086027755991155, 2.6090318786156237, 3.5548257729717534, 3.555160529566529, 3.175418025880005, 3.17537284590065, 3.2782514552801634, 3.2783124543902358, 3.2780191383777284, 3.2782065628169526, 3.175131523807768, 3.175157593422479, 3.5541095044951545, 3.554831701082656, 2.6073826418856334, 2.608254360629822]
16  0.1  200  -889.9733149096451 [2.60561831702839, 2.6070830018088067, 3.5527345125112166, 3.554002895838507, 3.1741269318093592, 3.1739792904412054, 3.2767656587910077, 3.2767977398156773, 3.276765657275327, 3.2767977395274897, 3.174126931814368, 3.17397929136557, 3.5527345115340045, 3.5540028967040196, 2.60561831426169, 2.607083001191593]
16  0.05  200  -3561.785553082009 [2.609993528393365, 2.61008427162192, 3.556271167742142, 3.5563536751208895, 3.1766868400139776, 3.1766742783011868, 3.2795616139352495, 3.2795572479681967, 3.27954373732548, 3.279557177511661, 3.1766553115698715, 3.1766560887407866, 3.556264223494879, 3.556343271234123, 2.6100006730050787, 2.610092423863575]
16  0.05  200  -3561.7857467555737 [2.6099957272527377, 2.6100873810449703, 3.5562664260516748, 3.556345771453457, 3.176680553274011, 3.1766713020783084, 3.2795816153975297, 3.2795836286438007, 3.2795816158799127, 3.2795836299018024, 3.1766805518317316, 3.1766713030835474, 3.5562664251553295, 3.5563457742524403, 2.6099957260660256, 2.610087381884065]
