16  3.0  200  -198.00240051353225  [-0.9999904743776058, -0.9999904743776058, -1.4999809488199893, -1.4999809488199893, -1.4999809489122595, -1.4999809489122593, -1.4999809489122584, -1.4999809489122584, -1.4999809489122586, -1.4999809489122586, -1.4999809489122593, -1.4999809489122593, -1.4999809488199898, -1.4999809488199896, -0.9999904743776056, -0.9999904743776056]
16  2.0  200  -88.02733531082342  [-0.9997560498376702, -0.9997560498376702, -1.4995121421295599, -1.4995121421295596, -1.4995122026185264, -1.4995122026185264, -1.4995122026068148, -1.4995122026068148, -1.49951220260681, -1.49951220260681, -1.4995122026182162, -1.499512202618216, -1.499512142128954, -1.499512142128954, -0.9997560498376876, -0.9997560498376876]
16  1.5  200  -49.65316488603799  [-0.9975801620762447, -0.9975801620762447, -1.4951644582673964, -1.4951644582673964, -1.4951703705677737, -1.4951703705677735, -1.4951703590927619, -1.4951703590927616, -1.495170359092777, -1.495170359092777, -1.495170370567756, -1.4951703705677557, -1.4951644582678425, -1.4951644582678427, -0.9975801620766176, -0.9975801620766176]
16  1.0  200  -23.634209328192032  [-0.9472873212069685, -0.9472873212069685, -1.3960840091982432, -1.3960840091980657, -1.3985068549879913, -1.3985068549875581, -1.3984153658726501, -1.3984153658720662, -1.3984153659192344, -1.3984153659185579, -1.3985068550860256, -1.3985068550855144, -1.396084009303149, -1.3960840093029878, -0.9472873212598952, -0.9472873212598952]
16  0.9  200  -20.690582709316313  [-0.896223620825546, -0.896223620825546, -1.2965852081808134, -1.296585208180144, -1.3046820702568835, -1.304682070255791, -1.3041472815523656, -1.3041472815516395, -1.304147281546959, -1.304147281546144, -1.3046820702192452, -1.3046820702189206, -1.2965852081444147, -1.2965852081446176, -0.8962236208161692, -0.8962236208161692]
16  0.8  200  -19.199279458412956  [-0.8010837662067286, -0.8010837662067286, -1.1069673473683102, -1.1069673473683277, -1.1292136440291056, -1.1292136440291067, -1.1269694050803476, -1.126969405080316, -1.1269694050805357, -1.1269694050805035, -1.129213644009273, -1.1292136440092513, -1.1069673473318198, -1.106967347331816, -0.8010837662211501, -0.8010837662211501]
16  0.7  200  -20.049936403707598  [-0.6177988729235253, -0.6177988729235253, -0.7097126860057787, -0.7097126860061874, -0.7503996901475145, -0.750399690147972, -0.7449913310016428, -0.74499133100142, -0.7449913296599617, -0.7449913296596331, -0.7503996888465178, -0.7503996888469375, -0.7097126864503156, -0.7097126864507921, -0.6177988784030949, -0.6177988784030949]
16  0.6  200  -25.54555191928314  [-0.15449274984241024, -0.15449274984241024, 0.34925035003174176, 0.3492503500349984, 0.3773079914832149, 0.37730799148068334, 0.38668405354581564, 0.3866840535322648, 0.38668406096001806, 0.3866840609559706, 0.3773080111980162, 0.3773080111945192, 0.3492503648641836, 0.3492503648569708, -0.15449274954945952, -0.15449274954945952]
16  0.5  200  -41.57758236890533  [0.9986628221870035, 0.9986628221870035, 2.510005241475951, 2.510005241473161, 2.769196313009939, 2.7691963130070896, 2.78993961999054, 2.7899396199906366, 2.78993963205195, 2.789939632052385, 2.7691963285752923, 2.769196328583263, 2.5100052301744125, 2.510005230182103, 0.9986628005740589, 0.9986628005740588]
16  0.4  200  -76.21259441540764  [2.3551582103937982, 2.3551582103937987, 4.210350185160223, 4.2103501851591645, 4.402285411206323, 4.402285411206857, 4.406266238698797, 4.406266238702274, 4.406266242044845, 4.406266242048874, 4.40228543174142, 4.40228543174613, 4.2103501920984865, 4.210350192101092, 2.3551582113993215, 2.3551582113993215]
16  0.3  200  -148.64371291812344  [3.198836626227333, 3.198836626227333, 5.042857048047481, 5.042857048047483, 5.11252999696784, 5.112529996967838, 5.112760287980896, 5.112760287980896, 5.11276028811098, 5.112760288110978, 5.112529992744748, 5.112529992744748, 5.042857039646955, 5.042857039646955, 3.1988366175048615, 3.198836617504862]
16  0.2  200  -346.8334657436908  [3.5393434445227756, 3.539343444522777, 5.358865330194362, 5.358865330194362, 5.3730978461934615, 5.3730978461934615, 5.373103451626639, 5.373103451626639, 5.373103451626664, 5.373103451626664, 5.373097846194568, 5.373097846194568, 5.358865323116159, 5.358865323116159, 3.539343444522694, 3.5393434445226934]
16  0.1  200  -1399.2028672469196  [3.619627049059341, 3.619627049059341, 5.432574378342977, 5.432574378342977, 5.433469708370807, 5.433469708370807, 5.433469727034677, 5.433469727034677, 5.433469727034581, 5.433469727034581, 5.433469708371749, 5.4334697083717485, 5.432574378341822, 5.432574378341822, 3.619627049059345, 3.619627049059345]
