18  3.0  200  -225.0027434437438  [-0.9999904743776049, -0.9999904743776049, -1.4999809488199884, -1.4999809488199882, -1.4999809489122582, -1.4999809489122582, -1.499980948912257, -1.499980948912257, -1.4999809489122575, -1.4999809489122573, -1.4999809489122573, -1.4999809489122573, -1.499980948912258, -1.4999809489122582, -1.4999809488199884, -1.4999809488199884, -0.9999904743776047, -0.9999904743776047]
18  2.0  200  -100.03124026986404  [-0.9997560498376672, -0.9997560498376672, -1.499512142129556, -1.499512142129556, -1.499512202618526, -1.4995122026185261, -1.499512202606813, -1.4995122026068128, -1.4995122026068155, -1.4995122026068155, -1.4995122026068084, -1.4995122026068084, -1.4995122026182237, -1.4995122026182237, -1.4995121421289674, -1.4995121421289674, -0.9997560498376916, -0.9997560498376916]
18  1.5  200  -56.42504086081057  [-0.9975801620762179, -0.9975801620762179, -1.4951644582673813, -1.4951644582673815, -1.4951703705677608, -1.4951703705677608, -1.4951703590926946, -1.4951703590926946, -1.4951703591164744, -1.4951703591164744, -1.4951703590927268, -1.4951703590927268, -1.4951703705677557, -1.4951703705677557, -1.4951644582678418, -1.495164458267842, -0.9975801620766187, -0.9975801620766187]
18  1.0  200  -26.86667581745741  [-0.947287321216873, -0.947287321216873, -1.3960840089677977, -1.3960840089676216, -1.3985068607892213, -1.3985068607887603, -1.3984152199533704, -1.3984152199527564, -1.3984190581833034, -1.3984190581826474, -1.3984152200080304, -1.3984152200073536, -1.398506860887703, -1.3985068608871927, -1.3960840090739206, -1.3960840090737596, -0.94728732126976, -0.94728732126976]
18  0.9  200  -23.527584617892067  [-0.8962236218342301, -0.8962236218342301, -1.2965851955121552, -1.2965851955114864, -1.3046822543443701, -1.30468225434328, -1.3041446451817602, -1.3041446451810461, -1.3041853026781456, -1.3041853026775385, -1.3041446451812388, -1.3041446451804921, -1.3046822543016459, -1.3046822543014023, -1.2965851954715202, -1.296585195471709, -0.8962236218249394, -0.8962236218249394]
18  0.8  200  -21.84213153499157  [-0.8010838022846204, -0.8010838022846204, -1.1069670574827561, -1.106967057482772, -1.1292164253257757, -1.1292164253257744, -1.1269433880397286, -1.1269433880396973, -1.1272149323043208, -1.1272149323042924, -1.1269433880352997, -1.1269433880352682, -1.1292164253014376, -1.1292164253014156, -1.1069670574392276, -1.1069670574392236, -0.8010838023001983, -0.8010838023001983]
18  0.7  200  -22.825783149227806  [-0.6177990962249454, -0.6177990962249454, -0.7097110740960761, -0.7097110740964847, -0.750412126581111, -0.7504121265815696, -0.7448967680376832, -0.7448967680374529, -0.7457158564213255, -0.7457158564207953, -0.7448967676435101, -0.7448967676432011, -0.7504121252563852, -0.7504121252568035, -0.7097110745473276, -0.7097110745478046, -0.617799101703838, -0.617799101703838]
18  0.6  200  -29.120980594694938  [-0.15449282317184268, -0.15449282317184268, 0.3492518224347006, 0.3492518224379578, 0.37730435771223586, 0.37730435771144805, 0.3867956054987021, 0.38679560549498476, 0.38668224733025186, 0.38668224733111994, 0.38679561898041215, 0.38679561898507414, 0.37730437794539096, 0.37730437794229715, 0.3492518374928809, 0.3492518374856651, -0.1544928228756687, -0.1544928228756687]
18  0.5  200  -47.5020144088746  [0.9986631930683885, 0.9986631930683881, 2.510008154758256, 2.5100081547554676, 2.7692270550358287, 2.769227055032981, 2.7901837160496528, 2.7901837160497505, 2.7927442876785085, 2.79274428767882, 2.7901837308288737, 2.790183730829309, 2.769227071509391, 2.7692270715173604, 2.5100081435850807, 2.5100081435927697, 0.9986631714710323, 0.9986631714710326]
18  0.4  200  -87.13695717820677  [2.3551582123798607, 2.3551582123798607, 4.210350198670306, 4.210350198669246, 4.402286052162929, 4.402286052163384, 4.406273282452802, 4.406273282456203, 4.406616709270455, 4.406616709274429, 4.406273285243289, 4.406273285247395, 4.402286072656731, 4.40228607266145, 4.2103502055425395, 4.210350205545146, 2.3551582133236413, 2.3551582133236417]
18  0.3  200  -169.91645112900122  [3.1988366262280037, 3.1988366262280024, 5.042857048045072, 5.042857048045072, 5.11252999892138, 5.112529998921378, 5.112760299661095, 5.112760299661095, 5.112771760193605, 5.112771760193605, 5.112760299798824, 5.112760299798824, 5.1125299946982325, 5.1125299946982325, 5.042857039644552, 5.042857039644552, 3.198836617505542, 3.1988366175055423]
18  0.2  200  -396.40104281680965  [3.539343444522778, 3.539343444522778, 5.358865330194359, 5.358865330194359, 5.37309784619405, 5.37309784619405, 5.373103451604891, 5.373103451604891, 5.373103539848567, 5.373103539848567, 5.373103451604907, 5.373103451604907, 5.373097846195151, 5.373097846195151, 5.3588653231161585, 5.358865323116158, 3.539343444522693, 3.539343444522694]
18  0.1  200  -1599.0941575585598  [3.619627049059356, 3.6196270490593556, 5.4325743783429665, 5.4325743783429665, 5.433469708370804, 5.433469708370806, 5.43346972703463, 5.43346972703463, 5.433469727055379, 5.433469727055379, 5.433469727034591, 5.43346972703459, 5.433469708371281, 5.433469708371281, 5.432574378342485, 5.432574378342485, 3.619627049059333, 3.619627049059333]
