20  3.0  200  -171.0020180442556 [-0.9999900230004869, -0.49999751992154234, -1.4999800459349923, -0.49999504021737845, -1.499980045516256, -0.49999504024069225, -1.49998004551763, -0.4999950402411753, -1.4999800455185175, -0.499995040238557, -1.4999800455172903, -0.4999950402376908, -1.4999800455144765, -0.49999504024173724, -1.4999800455184913, -0.4999950402403229, -1.4999800459375925, -0.499995040213473, -0.9999900229993834, -0.499997519920055]
20  3.0  200  -171.0020180400264 [-0.9999900230300559, -0.4999975199298947, -1.499980046034387, -0.49999504025751135, -1.4999800456474521, -0.49999504029137815, -1.4999800456475292, -0.49999504029210246, -1.4999800456486985, -0.4999950402920494, -1.4999800456483565, -0.4999950402906277, -1.499980045647597, -0.49999504029079883, -1.4999800456475474, -0.4999950402906229, -1.4999800460354271, -0.49999504025595987, -0.9999900230314097, -0.49999751992921615]
20  2.0  200  -76.02298835402556 [-0.9997442164055391, -0.49993646244914125, -1.4994883810367816, -0.49987316579691926, -1.4994881005218947, -0.49987317855227914, -1.4994880999364992, -0.4998731785655648, -1.4994880999351181, -0.4998731785655829, -1.4994880999351659, -0.499873178565669, -1.4994880999365245, -0.499873178565571, -1.4994881005201792, -0.49987317855213936, -1.4994883810418862, -0.49987316580488134, -0.9997442164114579, -0.4999364624562848]
20  1.5  200  -42.8792439796878 [-0.9974372237574076, -0.49936765185723386, -1.4948692388357325, -0.4987594467713532, -1.4948410364243134, -0.4987611909121807, -1.4948404517544658, -0.49876121640319143, -1.4948404378176066, -0.49876121701045373, -1.4948404395607995, -0.49876121700692744, -1.494840453397338, -0.49876121640076754, -1.4948410392006843, -0.4987611908887544, -1.4948692420167673, -0.49875944667549943, -0.9974372241065431, -0.49936765183035087]
20  1.0  200  -20.503300546319686 [-0.9260456444791022, -0.48555233334835274, -1.3475651805195161, -0.4901154378329586, -1.3238177359734677, -0.5014051633788956, -1.3126663782402335, -0.5074518519804773, -1.3079506291365939, -0.5101917623771337, -1.307927631091609, -0.5102085254310282, -1.3126062107081018, -0.5074981272306677, -1.3237421268690397, -0.5014523059110175, -1.347504613930428, -0.4901439931803242, -0.9260132020109525, -0.485552942548153]
20  0.9  200  -18.246389339329934 [-0.8165327799817357, -0.4718724751062171, -1.1262636967054565, -0.5319199185049498, -1.0402486843774388, -0.5984831112745431, -0.9923095862913296, -0.6392919197273609, -0.9704988275518778, -0.6585968094368292, -0.9705289676947146, -0.6586184285276943, -0.9924140044309732, -0.6391866676287574, -1.0404533276095926, -0.5983624713011666, -1.126382484865026, -0.5318602974428541, -0.8165843236071683, -0.4718697429684279]
20  0.8  200  -17.368705184992173 [-0.6899924159779574, -0.4392584527480134, -0.9143940479537689, -0.5422012407126394, -0.8175229333043871, -0.6347974919775718, -0.7734639710009836, -0.6774525467396377, -0.7562916468771476, -0.694339347146874, -0.7562224606679859, -0.6944023283743266, -0.7732865514715485, -0.6776048824112945, -0.8173212616000285, -0.6349681195087815, -0.9142561770594608, -0.5422841346268076, -0.689952974707247, -0.4392650645183368]
20  0.7  200  -18.329630805254947 [-0.5547056378606969, -0.3434216463149431, -0.6889409341187871, -0.404464580449814, -0.6022070065372863, -0.502015672165868, -0.571020010099182, -0.5330814048232848, -0.5610491888062312, -0.5430985951036829, -0.5610330055301446, -0.5431690136661342, -0.5709018167756418, -0.5332445391188939, -0.6020003007927289, -0.502146984954207, -0.6888871325438979, -0.40448988718133566, -0.5547699152883929, -0.34342173936924225]
20  0.6  200  -22.770423469319542 [-0.2826587157275172, -0.03633481799614836, -0.16690656554556516, 0.13595926907060468, -0.07482597201505767, -0.0013276857200978636, -0.04866325562026104, -0.026574762307078774, -0.041743046424452895, -0.03367504736680926, -0.04240480764223068, -0.03387067168815551, -0.04951286360243351, -0.026673046254501686, -0.07521291450342109, -0.0008925872857061118, -0.16728905599696797, 0.1365274791398418, -0.28298272974343835, -0.036244985254862444]
20  0.5  200  -34.98555874731154 [0.4478654811852362, 0.7692908503762101, 1.110359991596102, 1.456252812069524, 1.1624657089649078, 1.1941626170277795, 1.1844394442703652, 1.1926879233738064, 1.185343438299903, 1.18732486279391, 1.184817847702707, 1.1872489055214284, 1.1811852254580333, 1.1916566383174034, 1.1604373259814, 1.1939701247271346, 1.111038474410861, 1.4569997786844986, 0.4478168148434968, 0.769248077591084]
20  0.4  200  -62.38041714967102 [1.5157507949530302, 1.7710066298154703, 2.5215009623485587, 2.763487879928546, 2.384809143558966, 2.3745993635410203, 2.431785422840006, 2.434571446632984, 2.4228183008388786, 2.422632267740991, 2.422818303651505, 2.4226322689707187, 2.431785425685864, 2.434571448128307, 2.384809142551026, 2.374599362535353, 2.5215009698929784, 2.7634878860444347, 1.5157507968601776, 1.7710066305224652]
20  0.3  200  -121.05571916001664 [2.240017177197575, 2.3463370366745853, 3.2427729089391004, 3.337421416427043, 2.944652081696206, 2.9354019722414755, 3.031801570918246, 3.033854922278201, 3.010089833911468, 3.0098552667613427, 3.010067165950624, 3.009831190359212, 3.0317646732664993, 3.033825506809068, 2.9446408692600667, 2.9353986063704385, 3.242774968998187, 3.3374226675966416, 2.240015243517312, 2.346335338168496]
20  0.2  200  -282.1917743232235 [2.535556290108954, 2.5585355021642386, 3.4961561272943564, 3.516116427936249, 3.130715142228925, 3.1283969471829205, 3.2375487029606775, 3.2381104904107465, 3.2090668308343675, 3.2090100525592167, 3.2091782873783807, 3.209030952710618, 3.23589722731199, 3.236516484708699, 3.1296897101049614, 3.12743352305261, 3.4964261861798143, 3.516334687170283, 2.5353519019499324, 2.558365332702686]
20  0.1  200  -1138.2169275309527 [2.6052443065147393, 2.606708826836409, 3.553173058750149, 3.5544415022093716, 3.1719263977458905, 3.171777230878866, 3.283454158915778, 3.2834924174308044, 3.25342529981525, 3.253420129474505, 3.253425297221484, 3.2534201273077215, 3.2834541597282856, 3.2834924200047904, 3.171926397353736, 3.171777232171424, 3.5531730567486632, 3.5544415017795377, 2.6052443052031347, 2.6067088267460736]
20  0.05  200  -4555.248953669484 [2.609615459240967, 2.6097066214274234, 3.556713783747759, 3.556790782125998, 3.1744770939086466, 3.1744612285939398, 3.2862834164811288, 3.2862813047486763, 3.256136731142917, 3.2561430772023865, 3.2561418940718605, 3.2561498897201577, 3.2862794278170906, 3.2862904964520445, 3.17445846272972, 3.174458001904532, 3.5567088222981105, 3.556789121594968, 2.6096267282010555, 2.6097173175948667]
20  0.05  200  -4555.2491002449615 [2.6096187226193024, 2.6097103650429783, 3.556707365291283, 3.5567867123097616, 3.1744678329347735, 3.1744584840510446, 3.286297456084884, 3.2862998583062675, 3.2561610646474604, 3.2561607399435517, 3.2561610646365096, 3.2561607389367184, 3.2862974567949004, 3.286299858617795, 3.1744678317552095, 3.1744584849272366, 3.556707363195759, 3.556786714087939, 2.609618720508146, 2.6097103653489455]
20  2.0  200  -76.02569212435759 [-0.9997384474753698, -0.4999046882047308, -1.4994768465235713, -0.49980961736993285, -1.4994765748203613, -0.49980963564119035, -1.4994765742482834, -0.4998096356601333, -1.4994765742436673, -0.4998096356602632, -1.4994765742440757, -0.4998096356601058, -1.499476574247201, -0.4998096356596238, -1.4994765748170065, -0.4998096356414271, -1.4994768465287183, -0.4998096173824448, -0.9997384474825252, -0.49990468821679973]
20  1.5  200  -42.89440729485507 [-0.9973804679989153, -0.499050931130186, -1.4947560735469798, -0.4981259839528584, -1.494728783803623, -0.49812826769194013, -1.494728210668049, -0.49812829853609897, -1.4947281963990218, -0.49812829919196383, -1.4947281965287225, -0.49812829916130347, -1.4947282108798994, -0.49812829842537004, -1.4947287839782086, -0.4981282676068373, -1.4947560740233012, -0.4981259839507003, -0.9973804683614297, -0.49905093111168397]
20  1.0  200  -20.665647439524392 [-0.9255753287300508, -0.47794016110643867, -1.3470864211947298, -0.47420450340208187, -1.3248422571401806, -0.4850969222352414, -1.3144930313061471, -0.49073651197426427, -1.310170531871414, -0.4932469365853617, -1.3101705384489237, -0.49324693360168204, -1.314493042301045, -0.4907365038631267, -1.3248422654630008, -0.48509692357243106, -1.3470864201466777, -0.4742045062887451, -0.9255753275295087, -0.4779401612805865]
20  0.9  200  -18.530805141315458 [-0.8162177935912044, -0.4557883372149887, -1.125589676018079, -0.496525006717186, -1.0425933025869643, -0.5614547214129031, -0.9954961860173573, -0.6013478354353992, -0.9738747128835092, -0.6204456860534018, -0.9738744197441389, -0.6204459446631552, -0.9954956425654591, -0.6013482573449653, -1.0425929761993213, -0.5614549883413186, -1.1255894422339578, -0.49652516531480634, -0.8162176021604796, -0.4557883584618415]
20  0.8  200  -17.946682303771695 [-0.677224840996372, -0.39991026666454105, -0.8824870081211067, -0.4622535361242866, -0.7804663856371886, -0.5604317812308334, -0.7316388973502667, -0.6077165865370733, -0.7119421532721817, -0.627083587713855, -0.7119453266277, -0.6270801394852742, -0.7316507088510336, -0.6077053257597194, -0.7804850295003987, -0.560416199681274, -0.8825026788299808, -0.46224324756319446, -0.6772319287184746, -0.3999091698139705]
20  0.7  200  -19.76080943591085 [-0.48475484220243437, -0.21771066979733328, -0.5242274771405553, -0.15476859240237423, -0.411451177762193, -0.26668746015822625, -0.3696827674474242, -0.30815634183609564, -0.35513673032073045, -0.3227153827799447, -0.3551241200571331, -0.32271590931048894, -0.369665315607704, -0.3081724966016347, -0.41142671813896153, -0.2667091206129618, -0.5242059937360586, -0.15479059460505867, -0.4847412729197492, -0.2177149357973337]
20  0.6  200  -27.353868352959207 [0.09794531766781217, 0.47964731616729406, 0.6900984983285468, 1.1655094017755105, 0.9479850478687168, 1.0740560218621282, 1.0011451597200374, 1.044083824741454, 1.0157780268242407, 1.0324267495001775, 1.0157780256346467, 1.0324267524019033, 1.001145152468243, 1.0440838262234342, 0.9479850380493646, 1.074056022130392, 0.6900984903433636, 1.1655094028978037, 0.09794531287806063, 0.4796473150388317]
20  0.5  200  -50.29116857995355 [1.6294457480624063, 2.101299870122044, 3.3358542333693864, 3.836789849794103, 3.7867633139424735, 3.823364476095981, 3.8283640844985043, 3.836611968804731, 3.8353768006894775, 3.836364849116297, 3.8353767943953203, 3.836364842973058, 3.828364092081713, 3.83661196840323, 3.786763316323286, 3.823364477985349, 3.335854231465236, 3.8367898531531766, 1.6294457503610797, 2.1012998700408163]
20  0.4  200  -97.06910900883966 [2.838769205143131, 3.1109513643653934, 4.728526392191499, 5.001779606925274, 4.952543941238749, 4.954137087462103, 4.956891616740555, 4.957415629482004, 4.9573163357148635, 4.957320256965588, 4.957316335069073, 4.957320255142406, 4.956891615657235, 4.957415628276767, 4.952543940183416, 4.95413708642053, 4.728526390806577, 5.001779605524215, 2.838769204956252, 3.1109513652041736]
20  0.3  200  -190.99913073457523 [3.3841647553041696, 3.4796392594206855, 5.230324859646919, 5.3256525398021966, 5.302661356049859, 5.302531370279709, 5.3028815786115615, 5.302898349176702, 5.30289349773944, 5.302893436305355, 5.302893495259884, 5.302893434271831, 5.302881578969295, 5.302898349788068, 5.302661355001301, 5.3025313695828356, 5.230324858514132, 5.325652539342887, 3.384164755147886, 3.479639259394637]
20  0.2  200  -445.9514922921896 [3.5780368980776256, 3.5974867605706096, 5.397614806863716, 5.417055099311778, 5.4119408295807565, 5.411931391281041, 5.4119463049720204, 5.411946436568404, 5.411946394203947, 5.411946394056967, 5.41194639526946, 5.411946395122573, 5.411946307586018, 5.41194643918232, 5.411940829977585, 5.4119313916778395, 5.397614806401699, 5.417055098849973, 3.578036898077629, 3.5974867605706806]
20  0.1  200  -1798.9851786566214 [3.6220736302996075, 3.623297316943425, 5.4350211515374145, 5.43624479731531, 5.4359168367727095, 5.435916795939267, 5.435916855402024, 5.435916855433916, 5.435916855425319, 5.435916855424082, 5.435916855424425, 5.435916855423871, 5.435916855400861, 5.435916855434135, 5.435916836773544, 5.435916795940569, 5.435021151538115, 5.436244797315079, 3.6220736303002825, 3.623297316943402]
