8  3.0  200  -63.00067267863567 [-0.9999900230300584, -0.49999751992989777, -1.4999800460345492, -0.4999950402572736, -1.4999800460353734, -0.49999504025664804, -0.9999900230308827, -0.4999975199292721]
8  2.0  200  -28.00766223652275 [-0.9997442170518636, -0.49993646245041834, -1.4994883959335639, -0.49987316480765276, -1.4994883952920748, -0.49987316108703067, -0.9997442201134146, -0.49993646243299017]
8  1.5  200  -15.793049642409882 [-0.9974381526081508, -0.4993676487441062, -1.4948773956116257, -0.49875879768387155, -1.4948811268913915, -0.4987567187413137, -0.9974439591621819, -0.4993676450741554]
8  1.0  200  -7.486737872591216 [-0.9313893424407158, -0.48537748733948066, -1.3644982246845998, -0.4845028060610304, -1.3643659387986882, -0.4845020692157952, -0.931259602382805, -0.4853792962638006]
8  0.9  200  -6.55977237292848 [-0.8486824257283135, -0.469950864105382, -1.2126960522360357, -0.490111729519674, -1.2129276613644855, -0.48974394861898496, -0.8492744650248356, -0.4699435132309231]
8  0.8  200  -6.1057732770669375 [-0.7211966065182724, -0.4352759551714039, -0.996913717918837, -0.48870768395416264, -0.9973152836176797, -0.4883588083105137, -0.7219174343441032, -0.4352463415345488]
8  0.7  200  -6.32535858726094 [-0.5723420920298011, -0.3385282140816151, -0.7411101170729761, -0.36205800170584246, -0.7414108852938657, -0.3615951469754507, -0.5730338337676887, -0.33845633286311905]
8  0.6  200  -7.75224209756301 [-0.294586148748595, -0.030717984098932775, -0.21244919367759663, 0.17068405883035226, -0.21350037084929202, 0.17227919962970967, -0.29689563336282926, -0.03038115074789132]
8  0.5  200  -11.845035561814102 [0.44151791032622045, 0.7737965064746084, 0.9755906520083122, 1.3851711188648013, 0.9143680748397853, 1.3179699676521572, 0.3532166259460608, 0.6795166481362771]
8  0.4  200  -20.783736094642396 [1.178618666679168, 1.4464448489430954, 1.7406393986396906, 2.065633726661441, 1.2695687521755157, 1.6493811577755695, 0.5800465149113977, 0.9026907750110502]
8  0.3  200  -40.971753528918384 [1.751956971768497, 1.9205733389104338, 2.6035038503245875, 2.801083813438695, 2.2826923938501427, 2.534443189339806, 1.3070841181560455, 1.5298713176904477]
8  0.2  200  -94.99062253567303 [1.7717536279009574, 1.9369684664713478, 2.6230655713908844, 2.8166938914614694, 2.2995619667564005, 2.5485261948752855, 1.32229979758909, 1.5428505442078406]
8  0.1  200  -382.5002559819219 [1.7722095638318351, 1.9373399901929313, 2.6233918269889602, 2.8169339326024936, 2.299925019516094, 2.5488155858485904, 1.322790196455976, 1.5432690835360352]
8  0.05  200  0.042230343631261394 [1.7722040914412558, 1.9373383727740716, 2.623385012691031, 2.8169337276066475, 2.299916701312249, 2.5488152190433375, 1.3227822179849107, 1.5432663021331994]
8  2.0  200  -28.00766223683149 [-0.999744216407356, -0.49993646244912227, -1.499488381623489, -0.49987316578269014, -1.499488381630187, -0.49987316579115887, -0.9997442164127195, -0.49993646245625656]
8  1.5  200  -15.793050049107448 [-0.9974372402759418, -0.49936765154747115, -1.494869846134799, -0.4987594192734129, -1.4948698458054774, -0.49875941913415744, -0.9974372401092669, -0.49936765157165947]
8  1.0  200  -7.486751234643043 [-0.9306138262708088, -0.4853922220733171, -1.3631268387767144, -0.4849373270714775, -1.3631123848982587, -0.48493186862020765, -0.9306049144790001, -0.48539230505761805]
8  0.9  200  -6.559793376786017 [-0.8477272173422103, -0.46999325543287224, -1.210779468537063, -0.4911228150725271, -1.210870691457481, -0.49099848905536064, -0.8479396435772715, -0.4699901328429485]
8  0.8  200  -6.105801060525163 [-0.7203118654890637, -0.4354019100963267, -0.9942633751682814, -0.4903380573844377, -0.9942778338825167, -0.4903469143540137, -0.7203162295904586, -0.4354006728025197]
8  0.7  200  -6.325380094857465 [-0.5717764707545443, -0.3387372307327067, -0.7391765542052149, -0.3633775012536755, -0.7394768873925472, -0.3630630352441989, -0.5723271156990508, -0.3386730766810704]
8  0.6  200  -7.752332695401847 [-0.29346494217849184, -0.03135400230587107, -0.20645078556391722, 0.16839218960755406, -0.20642162539094644, 0.1686133843609852, -0.2935990039894645, -0.03129602948948969]
8  0.5  200  -11.856866479360791 [0.4437064357556609, 0.7732074939212059, 1.078759096093413, 1.4597716656580184, 1.0781312038571098, 1.4596013539062953, 0.4432735877582539, 0.7732322263786171]
8  0.4  200  -21.29206267025343 [1.5396478394019146, 1.7993188353612402, 2.4013466987157006, 2.6591026937495084, 2.386441597104893, 2.6430043322245744, 1.5202185613176153, 1.7786962973326412]
8  0.3  200  -41.4986698936975 [2.2988580928944526, 2.3994098599482063, 2.98508529279656, 3.0817799757457696, 2.599848381404116, 2.805867951442805, 1.7620476381323447, 1.9719242923471865]
8  0.2  200  -96.68262845404566 [2.3264712948298905, 2.4190176951697233, 3.0113628228774285, 3.099966654788086, 2.6316460120106235, 2.8294795265220776, 1.795810757792579, 1.9975868407416937]
8  0.1  200  -392.65583087278355 [2.4856153030912616, 2.5292697577982297, 3.298864190197584, 3.3352386348285243, 3.10844666704471, 3.1969986050610792, 2.1735514987169307, 2.2693834468093286]
8  0.05  200  -170.9775390625 [2.485615489110738, 2.5292696823387413, 3.2988643919026934, 3.3352381991931264, 3.108447087076451, 3.196998894522618, 2.1735519377497647, 2.2693841311334997]
8  1.5  200  -15.793050049179348 [-0.9974372381367921, -0.49936765159747887, -1.494869843441974, -0.49875942111013155, -1.4948698437908872, -0.49875942110756377, -0.9974372384628102, -0.4993676515720149]
8  1.0  200  -7.48675173716371 [-0.9305145642267065, -0.4853946235293324, -1.3628927870370404, -0.48502234414182577, -1.3628927976725769, -0.4850223370581824, -0.9305145817713012, -0.4853946233547477]
8  0.9  200  -6.559794415974673 [-0.8475027448923822, -0.47000370885277554, -1.21029522635699, -0.4913547821157287, -1.2102951928884431, -0.49135486661438854, -0.8475026232718513, -0.47000370519952606]
8  0.8  200  -6.105803033128189 [-0.7200898468010338, -0.43543786866819706, -0.9934382867281063, -0.49084076222018336, -0.9934390459745509, -0.49084525272416485, -0.7200860291964041, -0.43543778233132735]
8  0.7  200  -6.325385397168213 [-0.5714184092227647, -0.33885021429961953, -0.7379227634673537, -0.3643443032119392, -0.7379443739105004, -0.3643276913542516, -0.5714517026645186, -0.3388452854278888]
8  0.6  200  -7.752336959498484 [-0.29334587435213694, -0.03142132795931013, -0.20562518475487543, 0.16771962980326982, -0.20573737254075958, 0.1677402422628153, -0.29357919010726374, -0.031521846935987606]
8  0.5  200  -11.856886530859356 [0.44376186528890604, 0.7731914904287676, 1.0830083364385241, 1.461278060603361, 1.0830134689915152, 1.4612521596840935, 0.4435757789332417, 0.7729743706044355]
8  0.4  200  -21.297654045184704 [1.5291055543776748, 1.7890648573135897, 2.4821304674024125, 2.7190724174569425, 2.4822550757424615, 2.719227238652934, 1.52906169615523, 1.7890512119426332]
8  0.3  200  -41.67350244650891 [2.2839067148944228, 2.3952123376898875, 3.120074447572997, 3.2122460821104992, 3.06968108797299, 3.173925103095367, 2.207712906501258, 2.331090909890417]
8  0.2  200  -97.39363653322776 [2.4029140325834577, 2.475938779103503, 3.20562791161929, 3.2615226812732807, 3.1194383465866493, 3.2083661847860423, 2.267260350698561, 2.3733181658182483]
8  0.1  200  -392.93800275556003 [2.4078006091404007, 2.47930788484423, 3.209188827215054, 3.2636568847654264, 3.1216539767845317, 3.2098775823824437, 2.2699602794721163, 2.3752231032228868]
8  0.05  200  -1572.5899269201852 [2.4078359098254585, 2.4793321969413964, 3.2092099182002802, 3.2636674722766603, 3.121654727288348, 3.2098782316478713, 2.2699627166738825, 2.3752249540729635]
8  1.0  200  -7.486751737163729 [-0.930514542572182, -0.485394624058156, -1.3628927354882747, -0.4850223672764173, -1.3628927355129703, -0.48502236715857805, -0.9305145425441115, -0.4853946238875513]
8  0.9  200  -6.5597944159851265 [-0.8475017093584948, -0.4700037466074089, -1.2102935839598739, -0.49135570637244214, -1.2102935839654791, -0.4913557063644916, -0.8475017093463557, -0.4700037465817143]
8  0.8  200  -6.105803039105538 [-0.7200735467877974, -0.4354388869516935, -0.9934168798100438, -0.4908636798552626, -0.9934168808673597, -0.4908636788422273, -0.7200735487463151, -0.4354388868398603]
8  0.7  200  -6.3253854455344936 [-0.5713808502273281, -0.33885770950511734, -0.7378338821145203, -0.3644303987350611, -0.737833882800278, -0.36443039786510206, -0.5713808516078057, -0.33885770932987425]
8  0.6  200  -7.752337982991207 [-0.2931425552710446, -0.03151144667097411, -0.2048906090740341, 0.1674128078614195, -0.204890483972683, 0.1674126764540433, -0.2931423716178491, -0.03151151952625531]
8  0.5  200  -11.856887540346152 [0.44388847287408884, 0.773116660641023, 1.0834042784458868, 1.461183846832209, 1.0833789592771663, 1.4612008402167784, 0.4438795625256664, 0.7731500630369403]
8  0.4  200  -21.297668195824453 [1.5287333145143989, 1.7886944333609842, 2.484600415013488, 2.7210452819157753, 2.4848087624216815, 2.7211699577481463, 1.5286629183679918, 1.7885403656641032]
8  0.3  200  -41.68307003816058 [2.2814561954618284, 2.39115979901165, 3.167280622264694, 3.257211215139798, 3.1685540444121076, 3.2586419205427575, 2.2825800691943505, 2.392440955915322]
8  0.2  200  -97.50746787123893 [2.5707091047818427, 2.5947995681454286, 3.356472548432872, 3.3665582662584606, 3.2391592342466033, 3.3041662602702195, 2.3801628220304396, 2.4591745935828624]
8  0.1  200  -393.5336665422783 [2.5739738272468857, 2.597301115898841, 3.3595887306821655, 3.369070805544264, 3.243365453330219, 3.3070076113223323, 2.3850499330733346, 2.462537304855328]
8  0.05  200  -1575.0084501341319 [2.5739767499134807, 2.5973032851788105, 3.3595919613718808, 3.3690735378498835, 3.243373862223291, 3.307012949836489, 2.3850606017560625, 2.4625446481565865]
8  0.9  200  -6.5597944159851265 [-0.8475017093584948, -0.4700037466074089, -1.2102935839598739, -0.49135570637244214, -1.2102935839654791, -0.4913557063644916, -0.8475017093463557, -0.4700037465817143]
8  0.8  200  -6.105803039105538 [-0.7200735467877974, -0.4354388869516935, -0.9934168798100438, -0.4908636798552626, -0.9934168808673597, -0.4908636788422273, -0.7200735487463151, -0.4354388868398603]
8  0.7  200  -6.3253854455344936 [-0.5713808502273281, -0.33885770950511734, -0.7378338821145203, -0.3644303987350611, -0.737833882800278, -0.36443039786510206, -0.5713808516078057, -0.33885770932987425]
8  0.6  200  -7.752337982991207 [-0.2931425552710446, -0.03151144667097411, -0.2048906090740341, 0.1674128078614195, -0.204890483972683, 0.1674126764540433, -0.2931423716178491, -0.03151151952625531]
8  0.5  200  -11.856887540346152 [0.44388847287408884, 0.773116660641023, 1.0834042784458868, 1.461183846832209, 1.0833789592771663, 1.4612008402167784, 0.4438795625256664, 0.7731500630369403]
8  0.4  200  -21.297668195824453 [1.5287333145143989, 1.7886944333609842, 2.484600415013488, 2.7210452819157753, 2.4848087624216815, 2.7211699577481463, 1.5286629183679918, 1.7885403656641032]
8  0.3  200  -41.68307003816058 [2.2814561954618284, 2.39115979901165, 3.167280622264694, 3.257211215139798, 3.1685540444121076, 3.2586419205427575, 2.2825800691943505, 2.392440955915322]
8  0.2  200  -97.50746787123893 [2.5707091047818427, 2.5947995681454286, 3.356472548432872, 3.3665582662584606, 3.2391592342466033, 3.3041662602702195, 2.3801628220304396, 2.4591745935828624]
8  0.1  200  -393.5336665422783 [2.5739738272468857, 2.597301115898841, 3.3595887306821655, 3.369070805544264, 3.243365453330219, 3.3070076113223323, 2.3850499330733346, 2.462537304855328]
8  0.05  200  -1575.0084501341319 [2.5739767499134807, 2.5973032851788105, 3.3595919613718808, 3.3690735378498835, 3.243373862223291, 3.307012949836489, 2.3850606017560625, 2.4625446481565865]
8  0.8  200  -6.10580303919452 [-0.7200735457314851, -0.43543888696811056, -0.9934168775694343, -0.49086368116112095, -0.9934168776284503, -0.4908636813469136, -0.7200735456295071, -0.43543888699290906]
8  0.7  200  -6.325385445560046 [-0.5713808492801407, -0.338857709585927, -0.7378338800623012, -0.3644304004750275, -0.7378338802908236, -0.3644304008678587, -0.5713808493786846, -0.33885770984877944]
8  0.6  200  -7.752337983188621 [-0.29313823471903155, -0.031513190526224186, -0.2048814001298353, 0.16740429052495082, -0.20488141063605347, 0.16740430513391447, -0.2931382559258504, -0.03151318661786109]
8  0.5  200  -11.856888783725026 [0.4440180211718334, 0.7730154432707106, 1.0844633052166461, 1.460968633480502, 1.0844607087629337, 1.4609843653035133, 0.44401009554547416, 0.7730258459208468]
8  0.4  200  -21.29767130570508 [1.528671390921239, 1.788639825529533, 2.4849953419451998, 2.7208780086044824, 2.485424660560696, 2.7213255301919297, 1.5286723841547047, 1.788659021723336]
8  0.3  200  -41.68384614572134 [2.2780580400262247, 2.3878791783520734, 3.1816614519464403, 3.270501574940293, 3.1821462277201986, 3.271130746608245, 2.277522670588205, 2.387488204795756]
8  0.2  200  -97.53607252258277 [2.5212832993014747, 2.5606939798563113, 3.343983039751844, 3.3695075479713297, 3.3216571711300538, 3.358256519585369, 2.4733343960202916, 2.5238199168081437]
8  0.1  200  -393.68237371288734 [2.530337702803953, 2.567040715881423, 3.353232498224746, 3.3764694354974676, 3.3262548787904125, 3.3630244879424733, 2.477275633816097, 2.5275113187736222]
8  0.05  200  -1575.6102023332503 [2.5303495079800444, 2.5670492421394346, 3.3532404909520865, 3.376474953183708, 3.3262611971532547, 3.3630298623923163, 2.4772822001774593, 2.527516137344289]
8  0.7  200  -6.325385445546199 [-0.5713808485760453, -0.3388577097872474, -0.7378338789273671, -0.36443040176599517, -0.7378338789691614, -0.36443040170033786, -0.5713808486524848, -0.33885770975623664]
8  0.6  200  -7.752337983188643 [-0.29313821963488085, -0.03151319757732965, -0.2048813615758499, 0.16740425478320628, -0.20488136178773927, 0.16740425447608656, -0.29313821956363645, -0.031513197601315455]
8  0.5  200  -11.856888787749048 [0.4440194953424099, 0.7730163520090652, 1.0844829670948881, 1.460931784014095, 1.084482839677294, 1.4609320022122905, 0.4440191934916481, 0.7730163957740925]
8  0.4  200  -21.29767146192677 [1.528648537605049, 1.7886258830777357, 2.48514842761013, 2.721448114486953, 2.485154320407782, 2.72144832360423, 1.528708957644159, 1.7886806195360174]
8  0.3  200  -41.68392867453493 [2.2766675960984193, 2.386594469390346, 3.1860470857110363, 3.2736325011160208, 3.186292728489148, 3.274261971515556, 2.274375873009814, 2.3846865739530303]
8  0.2  200  -97.53830467671288 [2.566709591168035, 2.5962784961546355, 3.385093602193829, 3.400458152429655, 3.3134804621964937, 3.3575220416759866, 2.44506565934691, 2.5033115935994052]
8  0.1  200  -393.71056604601483 [2.5735068548180395, 2.6008368272452467, 3.3904703313464064, 3.4040515756248064, 3.3229526053915137, 3.363140962951152, 2.45943695629245, 2.5133740420008492]
8  0.05  200  -1575.7286780480717 [2.573520120317153, 2.600845732814735, 3.390484642221102, 3.4040633789692643, 3.32299962230089, 3.3631759817066396, 2.459483626487599, 2.5134068616427703]
8  0.6  200  -7.75233798318865 [-0.2931382190203734, -0.031513197972994275, -0.2048813605908053, 0.16740425330476455, -0.2048813605909957, 0.16740425330505654, -0.2931382190207692, -0.031513197972907844]
8  0.5  200  -11.856888787750611 [0.44401987983025926, 0.7730161516211179, 1.0844839114140514, 1.4609310123403478, 1.0844839175507035, 1.4609309980781344, 0.4440198949233922, 0.7730161463153857]
8  0.4  200  -21.297675498486534 [1.5284410251665594, 1.788388396051298, 2.48731509475601, 2.7221490693704657, 2.487317608080007, 2.72220275669551, 1.528425337039125, 1.7884238819236318]
8  0.3  200  -41.68392972262711 [2.276772976880375, 2.386625829917468, 3.186858305175834, 3.274963762770441, 3.186981821056851, 3.2752998809130505, 2.2760112952910303, 2.3860767505884537]
8  0.2  200  -97.55842173525937 [2.58210790649308, 2.608269533270617, 3.4135256777770726, 3.4301959221275244, 3.3989744603948076, 3.4221236350451356, 2.5488671223807904, 2.581507679456272]
8  0.1  200  -393.8402958913495 [2.59267986665019, 2.6149502613872357, 3.4208314421295745, 3.434010762007874, 3.4039472199406084, 3.425287895197144, 2.555818212652981, 2.5862499627678917]
8  0.05  200  -1576.262263342403 [2.5926957216660402, 2.6149607352460595, 3.4208492673931588, 3.434024550858501, 3.403963082460759, 3.425300056791256, 2.5558337774714364, 2.586260481916611]
8  0.5  200  -11.856888787750618 [0.4440198859135791, 0.7730161509754967, 1.0844839244858662, 1.4609310034272087, 1.0844839244858562, 1.4609310034272203, 0.444019885913561, 0.7730161509754999]
8  0.4  200  -21.297675503507207 [1.5284347340285636, 1.7884345578672551, 2.487350694343059, 2.7221815429206853, 2.487350769865066, 2.7221815361612034, 1.5284352747182701, 1.788435016275479]
8  0.3  200  -41.68394831195811 [2.276713112888996, 2.386577152215711, 3.1882059557497477, 3.276103829536717, 3.1880233297570157, 3.2759527803569903, 2.276535734318146, 2.3864313504683214]
8  0.2  200  -97.56117176266426 [2.5852247685613667, 2.6094583354237715, 3.4333692498348523, 3.4508971475765184, 3.4331650483363076, 3.451515358759619, 2.5814356747848777, 2.606491654328578]
8  0.1  200  -393.8802959783966 [2.6123077288113388, 2.626975398015777, 3.4500726856665773, 3.458910854237676, 3.4414537278830464, 3.4559781537178518, 2.594983886046127, 2.6153378125200946]
8  0.05  200  -1576.4310124507128 [2.6123425349716647, 2.62699837238348, 3.4501103298048807, 3.4589389293476316, 3.441493072742702, 3.4560052342681717, 2.5950256676927674, 2.615365067087303]
8  0.4  200  -21.29767550352244 [1.5284357396011279, 1.788435459372177, 2.4873467728762906, 2.7221803158982034, 2.4873467728762466, 2.7221803158981346, 1.5284357396010737, 1.7884354593720984]
8  0.3  200  -41.68395319757088 [2.2762298833213226, 2.386123793218043, 3.18937709523152, 3.2771331699462993, 3.189365861895475, 3.2771235950605924, 2.2762320689310105, 2.3861276372770654]
8  0.2  200  -97.56120566036425 [2.585008818428358, 2.6091051554466236, 3.434904651709852, 3.452858180059198, 3.433861409653688, 3.452212259192575, 2.5832077026244766, 2.60770136083378]
8  0.1  200  -393.8955182257024 [2.6466020815588296, 2.651401242710687, 3.4751674342490637, 3.4761001702465606, 3.45882806148001, 3.467369468829747, 2.6190088260421325, 2.631416658547279]
8  0.05  200  -1576.4950416655722 [2.6466107447376883, 2.651404825744427, 3.475179090785376, 3.476109804995214, 3.458874324889609, 3.46739951231697, 2.6190696547233676, 2.6314582089476284]
8  0.3  200  -41.68395320201566 [2.2762383562823967, 2.3861302684760544, 3.1893443031508864, 3.2771228829716916, 3.1893443031509685, 3.2771228829718093, 2.276238356282506, 2.3861302684762]
8  0.2  200  -97.56120986092921 [2.5853384046570476, 2.60928940057055, 3.4346958791739697, 3.4530122050783456, 3.4347420312052925, 3.4530771718844226, 2.5854111475096775, 2.6093809581978356]
8  0.1  200  -393.90211097232213 [2.6578722387956004, 2.6596742191264457, 3.4895959606477667, 3.4901115686073743, 3.4882014208807686, 3.489317635719229, 2.6554630071702308, 2.65786559437996]
8  0.05  200  -1576.5286948084831 [2.658623695565428, 2.6601455714584397, 3.490168781041292, 3.4904937764299917, 3.488778964275946, 3.489743581699136, 2.6562228416120672, 2.6583843395395657]
8  0.2  200  -97.56120987339033 [2.5853673558394323, 2.6093192393739195, 3.4346806044434, 3.4530190550067434, 3.4346806044433977, 3.4530190550067776, 2.5853673558394377, 2.6093192393739617]
8  0.1  200  -393.9021615462761 [2.658572252620126, 2.6600695960901395, 3.4898974017533213, 3.490969769227914, 3.4899862851135093, 3.491100580189408, 2.658888263688774, 2.6604275347585045]
8  0.05  200  -1576.5307052707726 [2.662893307017293, 2.663079464046863, 3.4925989145113245, 3.4925301494114023, 3.491420124121621, 3.4919650822235253, 2.6610161014542575, 2.661815981685586]
8  0.1  200  -393.90216431939973 [2.6586732834027105, 2.660203396041834, 3.489768756179963, 3.4909293366907628, 3.4897687561801405, 3.490929336690996, 2.6586732834027513, 2.660203396041931]
8  0.05  200  -1576.5316185261302 [2.663149709284995, 2.6632237561143484, 3.4934717110489317, 3.4935142212453547, 3.4935343981993663, 3.493602024278741, 2.6633173090169517, 2.663416471729403]
8  1.5  200  -15.79810684351601 [-0.9973804820474816, -0.4990509307553016, -1.4947566606703273, -0.49812595288464373, -1.4947566610502159, -0.4981259528818629, -0.9973804824075118, -0.49905093073267964]
8  1.0  200  -7.542187936712459 [-0.9297458708681817, -0.47772333467749806, -1.361372266760595, -0.46924933243610273, -1.3613722668573698, -0.46924933244081163, -0.929745870871178, -0.47772333458842864]
8  0.9  200  -6.660515879675713 [-0.846412894370726, -0.45312531200681166, -1.207285223242261, -0.45521445155462603, -1.207285223303685, -0.45521445151737483, -0.8464128944341651, -0.45312531197157635]
8  0.8  200  -6.3068772651824885 [-0.7111951423324891, -0.3937542327903588, -0.9704987929559734, -0.401418993798442, -0.9704987931354725, -0.4014189933840474, -0.71119514290971, -0.39375423277368604]
8  0.7  200  -6.8072171244270905 [-0.5086083145782878, -0.2090757337233648, -0.5921339039039334, -0.09600678219272513, -0.5921339039341511, -0.09600678228933192, -0.5086083144818565, -0.20907573369332572]
8  0.6  200  -9.22614385972077 [0.07773216874495455, 0.48590197734233276, 0.6126271748308927, 1.20448919942717, 0.6126271748598501, 1.2044891994407656, 0.07773216877252997, 0.48590197735454305]
8  0.5  200  -16.580900635090433 [1.6189771337279435, 2.096622186092744, 3.281204599873707, 3.8174991053745306, 3.2812045998737007, 3.8174991053745404, 1.6189771337279326, 2.0966221860927483]
8  0.4  200  -32.074920687733936 [2.83799556250463, 3.1106503145733395, 4.723314288548314, 4.998157043318153, 4.723314288548308, 4.998157043318151, 2.83799556250462, 3.110650314573333]
8  0.3  200  -63.46681194703088 [3.384141565924993, 3.479632468604592, 5.230080675171798, 5.3252784236634145, 5.230080675153854, 5.3252784238651, 3.384141565692218, 3.479632468591297]
8  0.2  200  -148.55537858892228 [3.578036721493398, 3.5974867150960783, 5.397609150277512, 5.417040004535709, 5.397609144844109, 5.417039999102315, 3.578036721493369, 3.5974867150960588]
8  0.1  200  -599.6375836406547 [3.6220736302570913, 3.6232973169329377, 5.4350211328652005, 5.4362447378087, 5.435021132863996, 5.436244737807504, 3.622073630257224, 3.6232973169330798]
