24  3.0  200  -306.0037722343793  [-0.9999904743776056, -0.9999904743776056, -1.4999809488199882, -1.499980948819988, -1.499980948912258, -1.4999809489122582, -1.4999809489122577, -1.4999809489122575, -1.4999809489122582, -1.499980948912258, -1.4999809489122582, -1.4999809489122582, -1.4999809489122586, -1.4999809489122586, -1.4999809489122586, -1.4999809489122584, -1.4999809489122584, -1.4999809489122584, -1.4999809489122593, -1.4999809489122593, -1.4999809488199893, -1.4999809488199893, -0.9999904743776054, -0.9999904743776054]
24  2.0  200  -136.0429551469865  [-0.9997560498376689, -0.9997560498376689, -1.4995121421295579, -1.4995121421295576, -1.499512202618528, -1.499512202618528, -1.4995122026068157, -1.4995122026068157, -1.4995122026068186, -1.4995122026068184, -1.4995122026068188, -1.4995122026068188, -1.4995122026068193, -1.499512202606819, -1.4995122026068182, -1.4995122026068184, -1.4995122026068106, -1.4995122026068108, -1.4995122026182206, -1.4995122026182206, -1.4995121421289588, -1.4995121421289588, -0.9997560498376888, -0.9997560498376888]
24  1.5  200  -76.74066878512836  [-0.9975801620762254, -0.9975801620762254, -1.4951644582673882, -1.4951644582673882, -1.4951703705677606, -1.4951703705677608, -1.4951703590926961, -1.4951703590926964, -1.4951703591164287, -1.4951703591164287, -1.4951703591163759, -1.4951703591163759, -1.4951703591163767, -1.4951703591163767, -1.4951703591164252, -1.4951703591164254, -1.495170359092728, -1.495170359092728, -1.49517037056775, -1.49517037056775, -1.4951644582678345, -1.4951644582678347, -0.9975801620766196, -0.9975801620766196]
24  1.0  200  -36.56407528525711  [-0.9472873212164588, -0.9472873212164588, -1.3960840089781252, -1.396084008977948, -1.398506860568697, -1.3985068605682662, -1.3984152255263795, -1.3984152255257982, -1.3984189178212523, -1.398418917820594, -1.398418772140235, -1.3984187721395778, -1.3984187721398937, -1.3984187721392367, -1.3984189178360045, -1.3984189178353474, -1.3984152255878601, -1.3984152255871831, -1.3985068606662678, -1.3985068606657585, -1.396084009082487, -1.396084009082327, -0.9472873212690508, -0.9472873212690508]
24  0.9  200  -32.03859034419917  [-0.896223621768524, -0.896223621768524, -1.2965851963366308, -1.2965851963359627, -1.3046822423549251, -1.3046822423538376, -1.3041448172128176, -1.3041448172120953, -1.3041828373147357, -1.3041828373141091, -1.304180213625277, -1.3041802136246405, -1.3041802136257006, -1.3041802136250933, -1.3041828373174915, -1.3041828373168791, -1.3041448172091303, -1.304144817208384, -1.30468224231234, -1.3046822423121052, -1.296585196296266, -1.2965851962964583, -0.8962236217593078, -0.8962236217593078]
24  0.8  200  -29.770687793900645  [-0.8010837991508086, -0.8010837991508086, -1.1069670861822332, -1.1069670861822238, -1.1292161587632115, -1.1292161587632035, -1.12694590115319, -1.1269459011531922, -1.1271913918241196, -1.1271913918241214, -1.1271656650297743, -1.1271656650297763, -1.1271656650388842, -1.1271656650388853, -1.127191391858994, -1.1271913918589962, -1.1269459012548075, -1.1269459012548102, -1.1292161584895346, -1.1292161584895357, -1.1069670856898004, -1.1069670856897995, -0.8010837991613987, -0.8010837991613987]
24  0.7  200  -31.153323687846257  [-0.6177990702906929, -0.6177990702906929, -0.7097112611979056, -0.7097112611983635, -0.7504106831093985, -0.7504106831100724, -0.7449077754027763, -0.7449077754031971, -0.7456320724511271, -0.7456320724515455, -0.745539123347398, -0.7455391233478248, -0.7455391232622158, -0.7455391232626415, -0.7456320735306745, -0.7456320735311085, -0.7449077746894196, -0.7449077746898424, -0.7504106822220153, -0.7504106822228294, -0.7097112633037701, -0.7097112633043827, -0.6177990766968668, -0.6177990766968668]
24  0.6  200  -39.84726700425874  [-0.1544928081834714, -0.15449280818347128, 0.34925174590930325, 0.3492517459125628, 0.37730572260173584, 0.3773057226009481, 0.38679328183613826, 0.38679328183240697, 0.38679153191336596, 0.38679153191422344, 0.38690161610353246, 0.3869016161045783, 0.386901616462667, 0.3869016164636719, 0.38679153858127896, 0.38679153858228343, 0.3867932958333594, 0.3867932958379882, 0.37730574283820495, 0.3773057428351129, 0.3492517607983472, 0.349251760791131, -0.15449280788931044, -0.15449280788931044]
24  0.5  200  -65.27531076877312  [0.9986632314708814, 0.9986632314708814, 2.510008534109689, 2.5100085341068996, 2.769230242893329, 2.769230242890481, 2.7902174944979934, 2.7902174944980924, 2.7930217107732735, 2.7930217107735857, 2.793262883559439, 2.793262883559751, 2.7932628844895175, 2.7932628844898297, 2.7930217145796505, 2.7930217145799614, 2.790217510347814, 2.790217510348249, 2.7692302595126916, 2.7692302595206604, 2.5100085229608293, 2.5100085229685183, 0.9986632099280086, 0.9986632099280086]
24  0.4  200  -119.91004546761843  [2.355158212425712, 2.355158212425712, 4.210350199861532, 4.210350199860471, 4.4022860657961855, 4.402286065796522, 4.406273935868367, 4.406273935871764, 4.406624404141282, 4.406624404145288, 4.406631433797984, 4.406631433802005, 4.406631433732867, 4.406631433736836, 4.406624403581389, 4.406624403585364, 4.4062739386895995, 4.406273938693069, 4.402286086869084, 4.402286086873686, 4.210350207346724, 4.210350207349327, 2.3551582131921753, 2.3551582131921753]
24  0.3  200  -233.73466576163503  [3.198836626228008, 3.1988366262280072, 5.042857048045416, 5.042857048045416, 5.112529998918952, 5.112529998918954, 5.112760301611855, 5.112760301611855, 5.112771773823855, 5.112771773823855, 5.112771785514106, 5.112771785514106, 5.112771785514077, 5.112771785514078, 5.1127717738314775, 5.1127717738314775, 5.112760301749542, 5.112760301749542, 5.112529994695788, 5.112529994695789, 5.042857039644867, 5.042857039644867, 3.198836617505526, 3.1988366175055254]
24  0.2  200  -545.103774036166  [3.539343444522791, 3.539343444522791, 5.358865330194372, 5.358865330194372, 5.373097846194064, 5.373097846194062, 5.373103451605495, 5.373103451605495, 5.3731035398274045, 5.3731035398274045, 5.373103539805639, 5.373103539805638, 5.373103539805629, 5.373103539805629, 5.373103539827388, 5.373103539827388, 5.373103451605495, 5.373103451605494, 5.373097846195158, 5.373097846195158, 5.358865323116149, 5.358865323116147, 3.5393434445226717, 3.5393434445226717]
24  0.1  200  -2198.768028493494  [3.619627049059355, 3.619627049059355, 5.432574378342993, 5.432574378342992, 5.433469708370813, 5.433469708370813, 5.433469727033257, 5.433469727033257, 5.433469727054777, 5.433469727054777, 5.433469727054787, 5.433469727054787, 5.433469727054776, 5.433469727054777, 5.43346972705476, 5.433469727054759, 5.4334697270332635, 5.4334697270332635, 5.433469708370834, 5.4334697083708345, 5.432574378341263, 5.432574378341264, 3.6196270490593476, 3.619627049059348]
