24  3.0  200  -207.00246649382342 [-0.9999900230300599, -0.49999751992989505, -1.4999800460346817, -0.49999504025915564, -1.4999800456490002, -0.4999950402927203, -1.4999800456479226, -0.49999504028951214, -1.4999800456471672, -0.49999504028990693, -1.4999800456471324, -0.499995040290616, -1.4999800456480714, -0.49999504029010344, -1.4999800456484667, -0.4999950402891588, -1.4999800456454249, -0.4999950402908549, -1.4999800456485992, -0.4999950402916051, -1.499980046036118, -0.49999504025468283, -0.9999900230290383, -0.4999975199281153]
24  2.0  200  -92.02809705975692 [-0.9997442164054503, -0.4999364624491635, -1.4994883810367112, -0.4998731657970934, -1.499488100521988, -0.4998731785523194, -1.499488099936872, -0.49987317856564595, -1.4994880999353397, -0.49987317856572583, -1.4994880999351223, -0.4998731785657055, -1.4994880999350524, -0.49987317856558683, -1.499488099935124, -0.4998731785655737, -1.4994880999365416, -0.4998731785655113, -1.4994881005203076, -0.49987317855208846, -1.4994883810417383, -0.49987316580480357, -0.999744216411265, -0.4999364624562992]
24  1.5  200  -51.90797529010459 [-0.9974372238039368, -0.49936765185207627, -1.4948692419747787, -0.4987594466940225, -1.494841039331677, -0.49876119088123044, -1.4948404444523535, -0.4987612165095315, -1.4948404356847937, -0.49876121702306014, -1.494840448782068, -0.4987612168102657, -1.4948404447185049, -0.49876121695000125, -1.4948404386463245, -0.4987612168160409, -1.494840451465788, -0.49876121633149745, -1.4948410388613589, -0.4987611910299886, -1.4948692418161504, -0.49875944665755867, -0.9974372240828251, -0.4993676518178597]
24  1.0  200  -24.84348792975419 [-0.9257691592148218, -0.48556091540633156, -1.3467239551866959, -0.4904236573204693, -1.322068127198662, -0.5022848051649906, -1.3095895847297787, -0.5092036600821976, -1.302938199288217, -0.5131987235628586, -1.2999927739537158, -0.5150403744854402, -1.3000015614855487, -0.5150334452490287, -1.3029710106958146, -0.5131768940855356, -1.3096339104440495, -0.5091746305501657, -1.3221045703766747, -0.5022642597333147, -1.346745194932446, -0.49041533922494285, -0.9257759398054712, -0.4855606956208589]
24  0.9  200  -22.155497910501182 [-0.8140635842209027, -0.47201472240864, -1.1198260910819136, -0.5351374378682568, -1.0281330787992895, -0.6068067773281676, -0.9722199254099659, -0.6550502383234194, -0.9395321219598269, -0.6847245336835841, -0.9243603882867011, -0.698811415146978, -0.9243346649581237, -0.6988468176346051, -0.9394160124843215, -0.6848347185143691, -0.9719968932601355, -0.6552432348474961, -1.0278715992803884, -0.6070005533704784, -1.119640267051901, -0.535231611493934, -0.8139920720052553, -0.47201881218794456]
24  0.8  200  -21.131788265396967 [-0.6895624250615966, -0.43931248320296207, -0.9132651684214557, -0.5429359298825751, -0.8152587507108802, -0.6366778118128128, -0.7692705050710604, -0.6812982424247738, -0.7482665247159578, -0.7020215015845527, -0.7401267143292167, -0.7101070455745084, -0.7401942743871053, -0.7100343613771399, -0.7484907345457483, -0.7018033001549866, -0.769650582612569, -0.6809379241929219, -0.8155776715203387, -0.636460525517172, -0.913334245396221, -0.5428961604164164, -0.689570746737136, -0.43930993721111095]
24  0.7  200  -22.33465001522734 [-0.5545678935737899, -0.3434592669056731, -0.6885387197072222, -0.40478801092813277, -0.60145273447744, -0.5027147021309555, -0.569805268197722, -0.5342787484934233, -0.5586411359401705, -0.5454691492355268, -0.5551142355764941, -0.5489985184167278, -0.5551761598013342, -0.5489838436214458, -0.5587771308499586, -0.5453725603267912, -0.5701651697153037, -0.5339750666535054, -0.6020830811670437, -0.5021108742061005, -0.689121211479814, -0.40432781880747126, -0.5548259749270358, -0.34340124047450094]
24  0.6  200  -27.778256437810256 [-0.2826727584071824, -0.036312065493188876, -0.1672521213790803, 0.1360745719045169, -0.07522032636588641, -0.0010993041501449793, -0.048662537692862454, -0.026511130262119556, -0.04124756046204375, -0.034028144671465636, -0.03946310583198032, -0.035748720828102376, -0.03956032327557625, -0.03605967168232756, -0.040982792684851777, -0.03466940447192443, -0.04803386889500596, -0.027152652376306007, -0.07453513707822645, -0.0015468248484338254, -0.1668711988848058, 0.13604675312267733, -0.2828048948281342, -0.03629812992386438]
24  0.5  200  -42.69577349764307 [0.4478132614878353, 0.7693292114485857, 1.1086405297372846, 1.455463928360347, 1.1603240533973196, 1.1929767105074256, 1.1828472760596092, 1.1905710078176444, 1.186173952105957, 1.1865071131682625, 1.1878789870993958, 1.187875791096017, 1.1876908358778422, 1.1880757422779127, 1.1866725260727147, 1.188547885773315, 1.1839232929993657, 1.1930458763048435, 1.1625482884316014, 1.194185224450963, 1.1105439090613989, 1.4560811821816015, 0.4475987537060924, 0.7690890545836826]
24  0.4  200  -76.07656791120974 [1.5157496964494213, 1.7710054340964967, 2.5215036732139744, 2.763490514888564, 2.3847937587793853, 2.374583313585075, 2.4318575965372693, 2.434647386433821, 2.4224733919895387, 2.4222489098974136, 2.4244902509230126, 2.424525319088869, 2.4244902518462528, 2.4245253199665857, 2.4224733944930406, 2.4222489160005933, 2.4318575832344766, 2.4346473735773646, 2.3847937491452873, 2.3745833006458064, 2.5215036829435515, 2.7634905236344833, 1.5157496975985605, 1.7710054343644983]
24  0.3  200  -147.52299093826304 [2.2400041130635584, 2.346323577556112, 3.242791856119062, 3.3374404329311895, 2.944555955772136, 2.935304065263418, 3.032132704052449, 3.0341950630849883, 3.008834516034843, 3.008547985074568, 3.014764983294147, 3.0148195856317486, 3.014764893353478, 3.0148152977651863, 3.0088214216667897, 3.00854269772514, 3.0321228043101733, 3.0341932003551486, 2.9445586922869245, 2.935303390491157, 3.242791353676841, 3.337440473223172, 2.240004191033431, 2.346323641612293]
24  0.2  200  -343.76788194550346 [2.535585826379202, 2.558564891328859, 3.496000032661076, 3.5159331397082747, 3.130317918888446, 3.1279764592195307, 3.2379111056952325, 3.2384674529478885, 3.206654202088771, 3.2065859220837605, 3.2150909002185153, 3.21489783743668, 3.215161860364498, 3.2149735525487952, 3.2069751670191513, 3.206903839140274, 3.237852937837107, 3.238429394724728, 3.130503771259403, 3.128133065365801, 3.496326335500579, 3.51622658959635, 2.535444820754285, 2.5584481914507737]
24  0.1  200  -1386.4632230217237 [2.605211900717032, 2.606676410388099, 3.553211033910522, 3.5544794720474973, 3.171735586500911, 3.171586355276473, 3.2840326307187926, 3.2840711314297515, 3.2513963671571093, 3.2513898324203057, 3.2602743172450497, 3.2602754635094566, 3.2602743178798237, 3.260275464764229, 3.2513963663952943, 3.2513898317798087, 3.2840326312162995, 3.2840711325210075, 3.1717355855294533, 3.1715863566320173, 3.553211032036657, 3.5544794726491356, 2.6052118991703432, 2.6066764100848925]
24  0.05  200  -5548.723167302763 [2.6095843030230306, 2.609675099553608, 3.55674915145668, 3.5568305424701316, 3.1742845517022773, 3.174278379770861, 3.286874289543579, 3.2868779825107426, 3.2541155422728845, 3.254116599876829, 3.2630365392679175, 3.2630394804154825, 3.2630332285146437, 3.263032555150234, 3.2541095842252608, 3.25411384545412, 3.2868556917790324, 3.2868596551610976, 3.174251590121207, 3.174245812366208, 3.556741146063998, 3.556836365055281, 2.6095994364156314, 2.6096971190263054]
24  1.5  200  -51.92650744553362 [-0.9973804680054987, -0.49905093112859417, -1.4947560736602068, -0.4981259839461488, -1.4947287838865806, -0.4981282676137806, -1.4947282107397566, -0.49812829852700136, -1.4947281962938548, -0.4981282992426454, -1.4947281958881895, -0.4981282992568048, -1.494728195961011, -0.49812829924788854, -1.4947281963809722, -0.49812829918246826, -1.4947282107979458, -0.4981282984676923, -1.4947287839336403, -0.49812826761750134, -1.4947560740421741, -0.4981259839596637, -0.9973804683671587, -0.4990509311132494]
24  0.8  200  -21.83689286001576 [-0.676710806248157, -0.40000140197225265, -0.8811734530690891, -0.46317066943500595, -0.7776855792088712, -0.5627761183613685, -0.7261355512258801, -0.6127716057454033, -0.7012246240830757, -0.6373305200608037, -0.6911290406626198, -0.6473464306689959, -0.6911290407399371, -0.6473464304931815, -0.7012246249464587, -0.6373305196023717, -0.7261355523771654, -0.6127716046490611, -0.7776855801053619, -0.5627761173628247, -0.8811734536702758, -0.46317066974914056, -0.6767108062106606, -0.4000014023638877]
24  1.0  200  -25.04130734519932 [-0.9253663426210709, -0.47795007460922256, -1.3464288006635778, -0.4744489001544143, -1.323426405247062, -0.4858101350664886, -1.3119124653009204, -0.4922060056478072, -1.305837604136376, -0.4958495900314681, -1.3031548673958622, -0.4975208755655894, -1.3031546697530034, -0.49752093218702553, -1.3058370728985826, -0.49584984350626515, -1.3119118630571749, -0.49220645581513417, -1.3234259389271845, -0.48581036141357464, -1.3464286268221526, -0.47444891959403956, -0.925366318418825, -0.4779500729841492]
24  0.9  200  -22.500718981100864 [-0.8134896584222003, -0.45601857987254346, -1.1184855458570289, -0.5002274329586446, -1.0292885187159289, -0.57068350444778, -0.9739245249847952, -0.6183347549565715, -0.9411888202500661, -0.6479107707091593, -0.925904037385478, -0.6620352572335697, -0.9259041113167453, -0.6620351919067451, -0.9411889925172652, -0.6479106207614623, -0.9739247114844014, -0.6183345883386243, -1.0292886849616927, -0.5706833781206283, -1.118485675385936, -0.5002273532187136, -0.8134897366229658, -0.4560185712166745]
24  0.8  200  -21.836892860243232 [-0.6767108096859986, -0.4000014013641195, -0.8811734623803651, -0.46317066320572103, -0.7776855962283861, -0.5627761037971399, -0.7261355728832326, -0.6127715852361333, -0.7012246456269474, -0.6373304992853218, -0.6911290599569659, -0.6473464115483161, -0.6911290594556819, -0.64734641220444, -0.7012246445660824, -0.6373305003968214, -0.7261355718762397, -0.6127715867205288, -0.7776855954302336, -0.5627761044654408, -0.8811734625305058, -0.463170663759962, -0.6767108095759093, -0.400001401668217]
24  0.4  200  -118.7338797750249 [2.8387692045434223, 3.1109513638291197, 4.728526392435601, 5.0017796068195235, 4.952543941870094, 4.954137085942604, 4.956891632023728, 4.957415637240134, 4.957317149358946, 4.957320070976241, 4.957325230267768, 4.9573262442259605, 4.957325242549129, 4.9573262518712315, 4.957317149700767, 4.957320071634092, 4.956891638081942, 4.95741564703108, 4.952543955421644, 4.9541370969181875, 4.728526386273803, 5.001779602066146, 2.838769200463924, 3.1109513625148786]
24  0.3  200  -233.50990436203037 [3.384164755182102, 3.4796392593945806, 5.230324857658177, 5.325652537989366, 5.302661352705222, 5.302531366884219, 5.302881576741097, 5.302898347416539, 5.302893496740972, 5.302893432346826, 5.302893505840682, 5.302893509190914, 5.302893507296163, 5.302893510764892, 5.302893501062381, 5.302893437042277, 5.302881579900095, 5.302898350979751, 5.302661353676738, 5.30253136850124, 5.2303248570638505, 5.325652538087495, 3.3841647549523755, 3.4796392593582066]
24  0.2  200  -545.0835301956414 [3.5780368980775403, 3.597486760570574, 5.397614806796904, 5.41705509924529, 5.411940827972986, 5.41193138967342, 5.411946308263312, 5.411946439859655, 5.411946396924168, 5.411946396776363, 5.411946394174255, 5.411946394175089, 5.411946393006653, 5.411946393007299, 5.411946397726608, 5.411946397578632, 5.411946307960622, 5.4119464395570365, 5.411940830676153, 5.411931392376551, 5.397614806572931, 5.417055099021109, 3.5780368980776407, 3.5974867605705505]
24  0.7  200  -24.08410796950288 [-0.4846890066968863, -0.21773463050357328, -0.5240380018259098, -0.15493818630542444, -0.41090654332586507, -0.2671929925129716, -0.36820181874344043, -0.30959642919669816, -0.351300732566126, -0.326511552774108, -0.34546455243907565, -0.33234913080857137, -0.34546455302434087, -0.33234913052337456, -0.3513007333459911, -0.32651155280092903, -0.3682018178361942, -0.30959642901437073, -0.4109065429495047, -0.2671929928373977, -0.5240380020389316, -0.1549381872749545, -0.4846890062542097, -0.21773463072524812]
24  0.1  200  -2198.7677103286096 [3.6220736302993704, 3.6232973169433076, 5.435021151538274, 5.436244797315511, 5.435916836773607, 5.435916795938885, 5.435916855402139, 5.435916855434288, 5.435916855422668, 5.435916855423466, 5.435916855423552, 5.435916855424381, 5.435916855423079, 5.435916855423157, 5.435916855423989, 5.435916855423028, 5.435916855402951, 5.435916855433702, 5.435916836773783, 5.435916795938729, 5.435021151537954, 5.4362447973146395, 3.622073630300238, 3.6232973169435816]
24  0.6  200  -33.399698796512205 [0.09796117961820015, 0.47964133415791, 0.6901545111263104, 1.1654629577725966, 0.9481653688336247, 1.073891863576701, 1.0017122829893568, 1.0435385251974345, 1.017611543525523, 1.0306685535147675, 1.0217346552751323, 1.0269433061525328, 1.0217346563516683, 1.0269433059305648, 1.017611538548542, 1.03066855576693, 1.0017122751346308, 1.0435385280683547, 0.9481653635489196, 1.0738918586584631, 0.6901545058864395, 1.1654629553394986, 0.097961174275839, 0.47964133345338267]
24  0.5  200  -61.52878747340965 [1.6294458030373624, 2.101299888593995, 3.335854550804597, 3.8367898340265763, 3.786765615256977, 3.8233641614669738, 3.8283802989399507, 3.8366110965492, 3.8355088734999794, 3.836354609817862, 3.836274936938138, 3.836437369250735, 3.8362749343675078, 3.836437363132547, 3.8355088736323495, 3.83635460204244, 3.828380308675603, 3.8366110901071004, 3.7867656178261364, 3.8233641588551524, 3.3358545436150786, 3.8367898319478266, 1.629445803059642, 2.101299887094798]
