12  3.0  200  -99.00112113243243 [-0.999990023030059, -0.4999975199299006, -1.4999800460343968, -0.4999950402573162, -1.4999800456473567, -0.4999950402911914, -1.4999800456468824, -0.4999950402904167, -1.4999800460352877, -0.49999504025583436, -0.999990023031424, -0.4999975199291933]
12  3.0  200  -99.00112113243243 [-0.999990023030059, -0.4999975199299006, -1.4999800460343968, -0.4999950402573162, -1.4999800456473567, -0.4999950402911914, -1.4999800456468824, -0.4999950402904167, -1.4999800460352877, -0.49999504025583436, -0.999990023031424, -0.4999975199291933]
12  2.0  200  -44.012770942562874 [-0.9997442164053149, -0.49993646244916196, -1.4994883810365491, -0.4998731657971774, -1.4994881005232439, -0.49987317855224495, -1.4994881005219296, -0.4998731785521918, -1.4994883810420556, -0.4998731658049407, -0.9997442164114344, -0.4999364624562747]
12  1.5  200  -24.82178135897007 [-0.9974372238619664, -0.4993676518545497, -1.494869244726794, -0.49875944665481303, -1.4948410572194122, -0.49876119024765153, -1.4948410546835187, -0.4987611902608608, -1.494869242460683, -0.49875944665799593, -0.9974372241190214, -0.4993676518308288]
12  1.0  200  -11.824250796935791 [-0.9275945063312491, -0.48550113726836314, -1.35256525264084, -0.48836177028019684, -1.3350681681761523, -0.4961418470720753, -1.3350412609055966, -0.4961714776603774, -1.35251457403283, -0.4884046088061461, -0.9275579824199023, -0.4855015920820748]
12  0.9  200  -10.443497749476233 [-0.830197021733362, -0.4710719754192894, -1.1624430970282635, -0.5140633813558488, -1.109696947760634, -0.5522420831348449, -1.1097293547917482, -0.5522161265726541, -1.1625212354795835, -0.5140153201037813, -0.8302621592701541, -0.47106927678041033]
12  0.8  200  -9.848279111805281 [-0.6970445154446551, -0.4383793537033127, -0.9326967653566819, -0.5301981958712704, -0.8576491787284231, -0.601657993897645, -0.8576491786974063, -0.6016579940166069, -0.9326967654483707, -0.5301981962378188, -0.6970445154678078, -0.43837935385038984]
12  0.7  200  -10.320915192166 [-0.5566428158576472, -0.34290501529460155, -0.6945616882802068, -0.3998117359059947, -0.618796307661422, -0.48665628786005033, -0.6187963077620204, -0.4866562881958277, -0.6945616878267059, -0.39981173630834743, -0.5566428152158982, -0.3429050152724159]
12  0.6  200  -12.755151017008503 [-0.2832779013843354, -0.036071532174695706, -0.16924643641351078, 0.13803213693409855, -0.08451325248987154, 0.008004892629913546, -0.08451325689454704, 0.00800489259649665, -0.16924644080046203, 0.13803214052887877, -0.2832779034139843, -0.03607153059525975]
12  0.5  200  -19.56518439593556 [0.447794300402107, 0.7693094308821167, 1.1110455479381858, 1.4570793777443303, 1.1612731163484473, 1.1998656495729987, 1.161195614617169, 1.1999015593853872, 1.1109483403632627, 1.4571314192614957, 0.4477674741913235, 0.7693184422175777]
12  0.4  200  -34.988332453762226 [1.5167715356030098, 1.7721069917418482, 2.517855716345255, 2.760434846233154, 2.389166509720538, 2.382419289764128, 2.3913534964434975, 2.3840961955510185, 2.5197025505480797, 2.761759953561102, 1.5163506593306553, 1.7716744695684024]
12  0.3  200  -68.12315890982502 [2.242757386235263, 2.349123916711469, 3.237705025244173, 3.3327619236671158, 2.9551727738759803, 2.948086381638232, 2.954469043140784, 2.9468887916921194, 3.2373250952675017, 3.3319394888275045, 2.2429367738728097, 2.3493546586918534]
12  0.2  200  -159.00534428427397 [2.5170893686855136, 2.546077517142726, 3.4176133795272263, 3.4402507214232587, 3.0327133184613366, 3.0294789139496983, 3.076029527393791, 3.070393449958882, 3.390278695520788, 3.4353991912851676, 2.4084310195269945, 2.4623039947746745]
12  0.1  200  -641.4458635137499 [2.5271466455664973, 2.5529205474012127, 3.43213225573691, 3.4519501061727222, 3.049595316181887, 3.046692687531283, 3.086369563297814, 3.0809806393007317, 3.398155379173286, 3.4409771139528624, 2.417655078707724, 2.4689191602328817]
12  0.05  200  -2567.138576565709 [2.5271591201380312, 2.5529364100100285, 3.4321111610787733, 3.4519313133581795, 3.0500336521541866, 3.047125179225147, 3.087399260255487, 3.0820466629713588, 3.39948911444836, 3.441924539023768, 2.4190943812942067, 2.469931067817296]
12  0.01  200  0.05006699951806493 [2.5271632565130835, 2.5529328690956303, 3.4321100059343235, 3.4519234459871715, 3.050024413540821, 3.047123661828031, 3.0873954796461716, 3.082042907306962, 3.399494278616354, 3.441916226519119, 2.419097850167882, 2.469927791226766]
12  0.9  200  -10.606191215510258 [-0.8297987210194085, -0.45462480274774436, -1.1614272855932546, -0.47805061129032, -1.111301084098041, -0.5150984434259791, -1.1113010832686323, -0.5150984459872001, -1.161427285073698, -0.47805061260485, -0.8297987226623332, -0.45462480283417894]
12  0.2  200  -247.68741648529954 [3.5780368980764132, 3.59748676057035, 5.397614806450813, 5.41705509875127, 5.411940736562156, 5.411931429858513, 5.411940737260256, 5.411931430556509, 5.397614803635632, 5.417055095935979, 3.5780368980764146, 3.5974867605703458]
12  1.0  200  -11.915466022668632 [-0.9269489389554921, -0.4778727082908638, -1.351551733130896, -0.4725904976389146, -1.335034940369334, -0.48026529239609533, -1.3350349413100524, -0.4802652844922656, -1.3515517413085316, -0.47259048875044474, -0.926948946786526, -0.47787270790034364]
12  0.1  200  -999.4201153126423 [3.622073630300034, 3.623297316943627, 5.435021151537992, 5.4362447973149095, 5.435916836751687, 5.435916795948821, 5.435916836752371, 5.435916795949951, 5.435021151536021, 5.436244797313265, 3.6220736303002607, 3.6232973169437344]
12  0.4  200  -53.7395677125986 [2.838767736301552, 3.110950801910877, 4.7285166554425935, 5.001772781650337, 4.952108667381726, 4.95422582960842, 4.952108664677276, 4.9542258279258755, 4.72851665556901, 5.001772782623177, 2.8387677374010916, 3.1109508028349744]
12  0.6  200  -15.263111407398105 [0.09606981154851393, 0.48032725208698634, 0.6833638068631881, 1.1706668510502358, 0.9249079996111103, 1.0919403972636825, 0.9249079969155397, 1.0919403924479543, 0.6833638003193447, 1.170666844510729, 0.09606980687021088, 0.48032724953393663]
12  0.8  200  -10.17376399607716 [-0.68641097541119, -0.39827862343445153, -0.9059643167758852, -0.44590184677875444, -0.8301174712522832, -0.5188584135652476, -0.8301174979247881, -0.5188583973083457, -0.9059644693099183, -0.4459016714628038, -0.6864112135727403, -0.39827857667486405]
12  0.3  200  -105.97758348015698 [3.384164751363139, 3.479639258502032, 5.230324843956325, 5.325652459739413, 5.302649420060284, 5.302536204678274, 5.3026494207199555, 5.302536205305579, 5.23032484576607, 5.325652461945815, 3.3841647509405446, 3.47963925850724]
12  0.7  200  -11.116745030262186 [-0.4886805436458861, -0.21632471722242086, -0.5353234286838685, -0.14506092951547048, -0.4400875790848407, -0.2399953812995992, -0.4400875794461656, -0.2399953811855589, -0.5353234291511145, -0.14506093054912184, -0.48868054331065713, -0.21632471793247005]
12  0.5  200  -27.81597474934488 [1.629266370288067, 2.101223907395066, 3.334852570533595, 3.836610001480515, 3.778617163539725, 3.823437577544517, 3.778617170469829, 3.8234375818096, 3.334852575577501, 3.836610003371255, 1.6292663713279065, 2.101223907944744]
