18  3.0  20  -148.50183527726065 [-0.9999930825178587, -0.4999954139443649, -1.4999831057003656, -0.49999300558460463, -1.4999800459402126, -0.4999950402305472, -1.4999800455088148, -0.4999950402522986, -1.4999800455249066, -0.4999950402610563, -1.4999800455586203, -0.4999950402419171, -1.4999800449511413, -0.49999504025061764, -1.4999725996932554, -0.4999948383579622, -0.9999825768638, -6.029106282604604e-6]
18  3.0  20  -148.50183527723107 [-0.9999930825165984, -0.49999541394369146, -1.4999831054793613, -0.4999930055948714, -1.4999800457291996, -0.49999504024514324, -1.4999800455345496, -0.49999504024636443, -1.4999800455400754, -0.49999504025198815, -1.4999800455516639, -0.4999950402387042, -1.4999800449672887, -0.4999950402486526, -1.4999725997158462, -0.499994838364294, -0.9999825768664296, -6.029109677588927e-6]
18  3.0  20  -153.00179381645472 [-0.9999900229928294, -0.49999751992631175, -1.4999800459470436, -0.49999504021936647, -1.4999800455337065, -0.49999504024756336, -1.4999800455252956, -0.49999504025698377, -1.4999800455336547, -0.4999950402459879, -1.4999800455490397, -0.49999504023940705, -1.4999800455376235, -0.4999950402454423, -1.499980045937935, -0.49999504022091495, -0.9999900230074167, -0.49999751991809016]
18  3.0  200  -153.00179381312782 [-0.9999900230300595, -0.49999751992990077, -1.4999800460343116, -0.499995040256851, -1.499980045647054, -0.49999504029046327, -1.4999800456469872, -0.49999504029130554, -1.4999800456481955, -0.4999950402915228, -1.499980045648197, -0.49999504029044256, -1.499980045647358, -0.49999504029071434, -1.499980046034574, -0.49999504025455255, -0.9999900230284556, -0.4999975199276029]
18  2.0  200  -68.02043400115986 [-0.9997442164054872, -0.4999364624491478, -1.499488381036768, -0.49987316579694424, -1.499488100522031, -0.4998731785523259, -1.499488099936543, -0.49987317856556895, -1.4994880999350941, -0.4998731785656332, -1.4994880999364693, -0.49987317856561103, -1.499488100520162, -0.4998731785521599, -1.4994883810419577, -0.49987316580483615, -0.9997442164115432, -0.49993646245627427]
18  1.5  200  -38.3648783244903 [-0.9974372238896998, -0.499367651856146, -1.4948692420746539, -0.49875944671276135, -1.4948410392648184, -0.49876119095636956, -1.494840454903622, -0.49876121643999266, -1.4948404423490773, -0.49876121698326553, -1.4948404542671028, -0.49876121643202787, -1.4948410398848395, -0.49876119102377586, -1.4948692418453284, -0.4987594466615531, -0.9974372240994379, -0.49936765182399806]
18  1.0  200  -18.333314205772897 [-0.9262383973998506, -0.4855458836322078, -1.3481967334377145, -0.489893308266772, -1.3252015260761296, -0.5007306454523378, -1.3152151028773438, -0.5060439575253287, -1.3123037690613704, -0.5076840597512909, -1.3152122758744882, -0.506045838380656, -1.325199758452257, -0.5007240335646795, -1.3482060143156853, -0.4898880245909615, -0.9262459313503486, -0.485545762581684]
18  0.9  200  -16.293151712540975 [-0.8185194311222275, -0.4717571794297679, -1.1314743495880135, -0.5293251604607384, -1.0501009742727827, -0.5917877460969753, -1.0083767172202962, -0.6267835476969892, -0.9954463571080424, -0.6380425973978361, -1.0085034361656087, -0.6266706452094631, -1.0502803095211009, -0.5916559584264858, -1.1316107030056346, -0.5292540728197364, -0.8185822594564025, -0.4717540702800864]
18  0.8  200  -15.487415318076165 [-0.6904723530784361, -0.4392020635706131, -0.9155865734565553, -0.5414116777506528, -0.8200713409303354, -0.6326749016605888, -0.7787397346574185, -0.6726038468574881, -0.7671913468216396, -0.6839248832689151, -0.7786931875167713, -0.672646515899482, -0.8199614154264017, -0.6327722605720794, -0.9154576721449019, -0.5414984861455653, -0.6904017663106343, -0.43920747237976826]
18  0.7  200  -16.327153038602045 [-0.5546182968174685, -0.34344745488509304, -0.6886801522876308, -0.4046643350491097, -0.6020656623708515, -0.5021513619784908, -0.5718720929307872, -0.5322657178434489, -0.564643952235949, -0.5395183331167869, -0.5720646390309296, -0.5320869402867708, -0.6024341203477077, -0.5016670320735644, -0.6890637144361963, -0.4043437556969599, -0.5547481535725609, -0.34340615342260983]
18  0.6  200  -20.2665125784808 [-0.28272860059678684, -0.036310175886102816, -0.1670072147493209, 0.13608280103529008, -0.07497175660786093, -0.0011785146167808363, -0.04917136184863591, -0.02609403237180586, -0.04401295377482457, -0.032010435380626256, -0.04972292499745964, -0.02629310123659162, -0.07548781797751201, -0.0012299319565559838, -0.16714560189256958, 0.13616562574093125, -0.28273606300866927, -0.036299737564195196]
18  0.5  200  -31.130457227183392 [0.44788012227488183, 0.7692919250255331, 1.1102902813307518, 1.4560331034490268, 1.1625022848940438, 1.1940827238336662, 1.1841246858377938, 1.1926256715755605, 1.1852047720446746, 1.187928979502081, 1.1828267122324512, 1.1920004780487208, 1.161352628938876, 1.1938727638945055, 1.110392176745152, 1.456685036902965, 0.44777350467373084, 0.7692473544023035]
18  0.4  200  -55.52680335068726 [1.519194504363833, 1.7742989089405927, 2.4934939506561657, 2.736577045654294, 2.3380443110326494, 2.325129862833554, 2.3862336651961433, 2.3865988189989644, 2.3582709892401086, 2.3602591643287583, 2.35052443905516, 2.35616470741904, 2.298727691710802, 2.289903761934638, 2.4934503402500137, 2.7348258179572964, 1.5191760331860864, 1.7742858284995044]
18  0.3  200  -107.82202816711074 [2.2399513238020696, 2.3462693110208406, 3.24286921432968, 3.3375171189271153, 2.9441629727760925, 2.9349008475971123, 3.03348217780481, 3.0355972816505847, 3.003670668902302, 3.0030849623776446, 3.0334821764241724, 3.0355972825504303, 2.9441629745614497, 2.9349008496987095, 3.242869215050513, 3.337517118113415, 2.2399513226900964, 2.346269309671319]
18  0.2  200  -251.40345909893193 [2.53538945865016, 2.558363656116015, 3.4964471925348426, 3.5164465163865257, 3.1300549355957012, 3.127766383103255, 3.24015912233829, 3.240751021193006, 3.2001952990586986, 3.2000061729529508, 3.240160479368093, 3.2407510153762438, 3.1300554972000048, 3.1277657575081994, 3.4964463161723187, 3.516446329149943, 2.535390090040967, 2.5583650825580575]
18  0.1  200  -1014.0924275990188 [2.605088252568146, 2.606552716661142, 3.553355859858332, 3.5546242906313843, 3.171007086734668, 3.170857539339501, 3.286235878063377, 3.286275755932362, 3.243631093628033, 3.2436178793994483, 3.2862358776330014, 3.286275757044229, 3.171007087707303, 3.170857539909377, 3.553355858940308, 3.554624290468416, 2.605088250701113, 2.6065527156090615]
18  0.05  200  -4058.506453100376 [2.609456574091775, 2.6095482255355584, 3.5569015969155444, 3.5569782114357293, 3.1735678911880223, 3.173555161029305, 3.2890880980803203, 3.2890882429041, 3.2463048741179144, 3.246299197874424, 3.289073608100451, 3.28907043509813, 3.1735267051891265, 3.1735154880356173, 3.5568914337923103, 3.556970361697547, 2.6094642681081517, 2.6095547544672506]
18  0.05  200  -4058.5065386948518 [2.6094611762298223, 2.609552816360359, 3.556891441776914, 3.556970790229143, 3.1735420598038826, 3.1735326890479527, 3.289094628287439, 3.2890971332628745, 3.246321046764475, 3.2463202166697602, 3.289094628913936, 3.2890971350590665, 3.173542060707704, 3.1735326890472244, 3.5568914406649825, 3.55697079063082, 2.6094611741961544, 2.6095528161143102]
