12  3.0  200  -144.00171465310814  [-0.9999904743776018, -0.9999904743776018, -1.4999809488199842, -1.499980948819984, -1.4999809489122542, -1.4999809489122542, -1.499980948912254, -1.499980948912254, -1.499980948819984, -1.499980948819984, -0.9999904743776016, -0.9999904743776016]
12  2.0  200  -64.01952539274166  [-0.9997560498376663, -0.9997560498376663, -1.4995121421295559, -1.4995121421295559, -1.4995122026185184, -1.4995122026185186, -1.4995122026182128, -1.4995122026182128, -1.4995121421289535, -1.4995121421289535, -0.9997560498376875, -0.9997560498376875]
12  1.5  200  -36.10941293649273  [-0.9975801620762171, -0.9975801620762171, -1.495164458267426, -1.4951644582674257, -1.4951703705441068, -1.4951703705441068, -1.4951703705440538, -1.495170370544054, -1.495164458267865, -1.4951644582678647, -0.9975801620766119, -0.9975801620766119]
12  1.0  200  -17.16927635036806  [-0.9472873151780752, -0.9472873151780752, -1.3960841487578164, -1.3960841487576394, -1.3985033081251943, -1.398503308124739, -1.3985033081632388, -1.398503308162802, -1.396084148849596, -1.3960841488494382, -0.9472873152308083, -0.9472873152308083]
12  0.9  200  -15.016578928180232  [-0.8962234274171161, -0.8962234274171161, -1.2965876335320778, -1.296587633531416, -1.3046466604836937, -1.304646660482487, -1.3046466604414433, -1.304646660441102, -1.2965876334876498, -1.2965876334878532, -0.8962234274081107, -0.8962234274081107]
12  0.8  200  -13.913576101326619  [-0.80108092336808, -0.80108092336808, -1.1069901498848698, -1.1069901498848898, -1.128993735517544, -1.128993735517544, -1.1289937355012944, -1.1289937355012707, -1.1069901498507024, -1.1069901498506984, -0.8010809233787879, -0.8010809233787879]
12  0.7  200  -14.498247609862796  [-0.6177875736197627, -0.6177875736197627, -0.7097940648458474, -0.7097940648459052, -0.7497690649324331, -0.7497690649324862, -0.7497690649201877, -0.7497690649201232, -0.7097940648477928, -0.709794064847734, -0.6177875736081795, -0.6177875736081795]
12  0.6  200  -18.394701280386812  [-0.15449090182299693, -0.15449090182299693, 0.34914105592312367, 0.3491410559193496, 0.37719678058189055, 0.37719678057701433, 0.37719678128079837, 0.3771967812757026, 0.3491410561561654, 0.3491410561521717, -0.1544909028783355, -0.15449090287833553]
12  0.5  200  -29.728726437060786  [0.9986258993833708, 0.9986258993833708, 2.5097200183891806, 2.5097200183858206, 2.7661360211433483, 2.766136021140053, 2.766136022739568, 2.766136022742742, 2.509720022014582, 2.5097200220178064, 0.9986259003521938, 0.9986259003521937]
12  0.4  200  -54.36386906865572  [2.3551570951106853, 2.3551570951106853, 4.210341915712451, 4.210341915713624, 4.401927314409445, 4.401927314401686, 4.401927313117562, 4.4019273131143315, 4.210341922920275, 4.2103419229231, 2.355157096909979, 2.355157096909979]
12  0.3  200  -106.09823649673336  [3.198836622438882, 3.198836622438882, 5.0428570315354, 5.0428570315354, 5.1125185114353915, 5.1125185114353915, 5.112518510604788, 5.112518510604789, 5.042857029286028, 5.0428570292860275, 3.198836620611028, 3.198836620611028]
12  0.2  200  -247.69831159745303  [3.539343444521598, 3.539343444521598, 5.358865330222328, 5.358865330222328, 5.373097757942112, 5.373097757942112, 5.373097759350036, 5.373097759350036, 5.3588653239180655, 5.3588653239180655, 3.5393434445215237, 3.5393434445215237]
12  0.1  200  -999.4202866236349  [3.6196270490594653, 3.6196270490594653, 5.432574378343018, 5.432574378343018, 5.4334697083512085, 5.4334697083512085, 5.433469708350935, 5.433469708350935, 5.432574378342665, 5.432574378342666, 3.619627049059353, 3.619627049059353]
