8  3.0  200  -90.00102879268485  [-0.9999904743776031, -0.9999904743776031, -1.4999809488199867, -1.499980948819987, -1.4999809488199871, -1.4999809488199871, -0.9999904743776032, -0.9999904743776032]
8  2.0  200  -40.01171547466009  [-0.9997560498376616, -0.9997560498376616, -1.4995121421409956, -1.4995121421409956, -1.4995121421407063, -1.4995121421407063, -0.9997560498376858, -0.9997560498376858]
8  1.5  200  -22.56566098694799  [-0.9975801620524692, -0.9975801620524692, -1.4951644697185975, -1.4951644697185977, -1.4951644697191095, -1.4951644697191095, -0.9975801620528781, -0.9975801620528781]
8  1.0  200  -10.704343822252508  [-0.9472834761685897, -0.9472834761685897, -1.3961717391709905, -1.39617173917099, -1.3961717391711292, -1.3961717391711295, -0.9472834761684933, -0.9472834761684933]
8  0.9  200  -9.342582616831754  [-0.8961834173051666, -0.8961834173051666, -1.2970815379825231, -1.2970815379825233, -1.2970815379886156, -1.2970815379886158, -0.8961834173014175, -0.8961834173014175]
8  0.8  200  -8.627944028582931  [-0.8008290849869376, -0.8008290849869376, -1.1089767901649785, -1.1089767901649814, -1.108976790224881, -1.1089767902248842, -0.8008290850334194, -0.8008290850334194]
8  0.7  200  -8.946838717401272  [-0.6171274890167492, -0.6171274890167492, -0.7145301854310635, -0.714530185431066, -0.7145301854327253, -0.7145301854327275, -0.6171274890119351, -0.6171274890119349]
8  0.6  200  -11.244298727889976  [-0.1545743226417585, -0.15457432264175844, 0.3395928248586958, 0.33959282485869596, 0.33959282485889486, 0.33959282485889486, -0.15457432263930201, -0.15457432263930201]
8  0.5  200  -17.880668074287442  [0.9952343620284859, 0.9952343620284863, 2.484893263588416, 2.484893263588416, 2.484893263588411, 2.484893263588411, 0.9952343620284807, 0.9952343620284806]
8  0.4  200  -32.515242656851456  [2.3545463966175704, 2.35454639661757, 4.2056815423439575, 4.2056815423439575, 4.205681542343963, 4.205681542343963, 2.3545463966175766, 2.354546396617577]
8  0.3  200  -63.552762109382215  [3.1988142771807753, 3.1988142771807753, 5.042603644179022, 5.042603644179021, 5.0426036441940925, 5.0426036441940925, 3.198814277210886, 3.1988142772108867]
8  0.2  200  -148.5631574583644  [3.5393432687484134, 3.5393432687484134, 5.358859545476108, 5.358859545476108, 5.358859545232855, 5.358859545232855, 3.5393432687339224, 3.539343268733922]
8  0.1  200  -599.6377060003508  [3.6196270490163145, 3.619627049016314, 5.432574359637418, 5.432574359637418, 5.432574359637357, 5.432574359637357, 3.619627049016312, 3.619627049016312]
8  0.05  200  -2399.90937827979  [3.6246641162056767, 3.6246641162056767, 5.437192104791387, 5.437192104791387, 5.437192104791384, 5.437192104791384, 3.6246641162056705, 3.6246641162056714]
