12  3.0  3.5299286258762275e-10  -144.0017146465336 [-0.9999904744345395, -0.9999904744345395, -1.4999809490146303, -1.4999809490146305, -1.4999809491460023, -1.499980949146002, -1.4999809491471345, -1.4999809491471345, -1.4999809490101046, -1.4999809490101046, -0.999990474429169, -0.999990474429169]  [0.006172655436165896, 0.0061725974238677535, 0.00617259415541742, 0.006172597109991586, 0.006172657138373212]
12  2.0  2.843558721821182e-14  -64.01952409404196 [-0.999756098515017, -0.999756098515017, -1.4995122394520755, -1.4995122394520752, -1.4995122999071815, -1.4995122999071815, -1.4995122999071258, -1.4995122999071258, -1.4995122394521787, -1.4995122394521785, -0.9997560985149638, -0.9997560985149638]  [0.031229079781392464, 0.031223407241554466, 0.031223408457512446, 0.031223407243598834, 0.03122907978329152]
12  1.5  6.140088437689439e-13  -36.109340726237406 [-0.9975849532186227, -0.9975849532186227, -1.4951740223477101, -1.49517402234771, -1.4951799152646037, -1.495179915264604, -1.4951799152778695, -1.4951799152778702, -1.495174022361275, -1.495174022361275, -0.9975849532188008, -0.9975849532188008]  [0.09811150456560494, 0.09793580149274256, 0.0979361776765686, 0.0979358012190702, 0.09811150456446303]
12  1.0  1.7670757679010292e-9  -17.169276346791005 [-0.9472873168844856, -0.9472873168844856, -1.3960842225698384, -1.3960842226344137, -1.3985034579906837, -1.3985034580499753, -1.3985034148313045, -1.398503414776373, -1.3960841874631589, -1.3960841874135093, -0.9472873207263457, -0.9472873207263457]  [0.44277099419226, 0.42724524060549884, 0.427923309734564, 0.42724540246501874, 0.4427709501988567]
12  0.9  1.3825945270778457e-9  -15.016578925705172 [-0.8962234216585404, -0.8962234216585404, -1.2965877376538562, -1.2965877376352557, -1.304646914604192, -1.304646914561356, -1.3046469080869536, -1.3046469080229932, -1.2965878690372743, -1.296587868997549, -0.8962235629842968, -0.8962235629842968]  [0.5997181234372151, 0.5627890539524323, 0.5657101258358344, 0.5627891490880641, 0.5997177345588766]
12  0.8  2.2667120319171847e-8  -13.913576065944149 [-0.801082005965825, -0.8010820059658255, -1.1069931923318614, -1.1069931947096654, -1.1289999908571735, -1.1289999931062948, -1.129002351948783, -1.1290023448783313, -1.1069937811734836, -1.1069937742284202, -0.8010811919705881, -0.8010811919705881]  [0.7773940526161253, 0.704126131283226, 0.7132708588133991, 0.7041222536029488, 0.7773961693513708]
12  0.7  3.0986432825521767e-7  -14.498247087632917 [-0.6177895391484722, -0.6177895391484908, -0.7098000025349726, -0.7098000252508746, -0.7497830072262703, -0.7497830671487749, -0.7497826156065448, -0.749782698403536, -0.709800557766879, -0.7098006032829692, -0.6177887251856817, -0.6177887251856844]  [0.953360615029132, 0.842203428992705, 0.8587667965180228, 0.8422058941300532, 0.9533613567704022]
12  3.0  3.5299286258762275e-10  -144.0017146465336 [-0.9999904744345395, -0.9999904744345395, -1.4999809490146303, -1.4999809490146305, -1.4999809491460023, -1.499980949146002, -1.4999809491471345, -1.4999809491471345, -1.4999809490101046, -1.4999809490101046, -0.999990474429169, -0.999990474429169]  [0.006172655436165896, 0.0061725974238677535, 0.00617259415541742, 0.006172597109991586, 0.006172657138373212]
12  2.0  2.843558721821182e-14  -64.01952409404196 [-0.999756098515017, -0.999756098515017, -1.4995122394520755, -1.4995122394520752, -1.4995122999071815, -1.4995122999071815, -1.4995122999071258, -1.4995122999071258, -1.4995122394521787, -1.4995122394521785, -0.9997560985149638, -0.9997560985149638]  [0.031229079781392464, 0.031223407241554466, 0.031223408457512446, 0.031223407243598834, 0.03122907978329152]
12  1.5  6.140088437689439e-13  -36.109340726237406 [-0.9975849532186227, -0.9975849532186227, -1.4951740223477101, -1.49517402234771, -1.4951799152646037, -1.495179915264604, -1.4951799152778695, -1.4951799152778702, -1.495174022361275, -1.495174022361275, -0.9975849532188008, -0.9975849532188008]  [0.09811150456560494, 0.09793580149274256, 0.0979361776765686, 0.0979358012190702, 0.09811150456446303]
12  1.0  1.7670757679010292e-9  -17.169276346791005 [-0.9472873168844856, -0.9472873168844856, -1.3960842225698384, -1.3960842226344137, -1.3985034579906837, -1.3985034580499753, -1.3985034148313045, -1.398503414776373, -1.3960841874631589, -1.3960841874135093, -0.9472873207263457, -0.9472873207263457]  [0.44277099419226, 0.42724524060549884, 0.427923309734564, 0.42724540246501874, 0.4427709501988567]
12  0.9  1.3825945270778457e-9  -15.016578925705172 [-0.8962234216585404, -0.8962234216585404, -1.2965877376538562, -1.2965877376352557, -1.304646914604192, -1.304646914561356, -1.3046469080869536, -1.3046469080229932, -1.2965878690372743, -1.296587868997549, -0.8962235629842968, -0.8962235629842968]  [0.5997181234372151, 0.5627890539524323, 0.5657101258358344, 0.5627891490880641, 0.5997177345588766]
12  0.8  2.2667120319171847e-8  -13.913576065944149 [-0.801082005965825, -0.8010820059658255, -1.1069931923318614, -1.1069931947096654, -1.1289999908571735, -1.1289999931062948, -1.129002351948783, -1.1290023448783313, -1.1069937811734836, -1.1069937742284202, -0.8010811919705881, -0.8010811919705881]  [0.7773940526161253, 0.704126131283226, 0.7132708588133991, 0.7041222536029488, 0.7773961693513708]
12  0.7  3.0986432825521767e-7  -14.498247087632917 [-0.6177895391484722, -0.6177895391484908, -0.7098000025349726, -0.7098000252508746, -0.7497830072262703, -0.7497830671487749, -0.7497826156065448, -0.749782698403536, -0.709800557766879, -0.7098006032829692, -0.6177887251856817, -0.6177887251856844]  [0.953360615029132, 0.842203428992705, 0.8587667965180228, 0.8422058941300532, 0.9533613567704022]
12  0.6  1.5487358948001458e-8  -15.96697402908704 [0.9986258993833708, 0.9986258993833708, 2.5097200183891806, 2.5097200183858206, 2.7661360211433483, 2.766136021140053, 2.766136022739568, 2.766136022742742, 2.509720022014582, 2.5097200220178064, 0.9986259003521938, 0.9986259003521937]  [1.1883420984221629, 0.999467255334845, 0.9915616356427167, 0.999467371953817, 1.1883420979958432]
12  0.5  6.194943579200583e-8  -29.72872637518126 [0.9986258993833708, 0.9986258993833708, 2.5097200183891806, 2.5097200183858206, 2.7661360211433483, 2.766136021140053, 2.766136022739568, 2.766136022742742, 2.509720022014582, 2.5097200220178064, 0.9986259003521938, 0.9986259003521937]  [1.1883420984221629, 0.999467255334845, 0.9915616356427167, 0.999467371953817, 1.1883420979958432]
12  0.4  1.1471208836166513e-6  -54.36386792329622 [2.355157095263472, 2.355157095263471, 4.210341913967764, 4.210341913969598, 4.40192730605277, 4.401927306057869, 4.401927319166303, 4.401927319168758, 4.2103419356139735, 4.21034193561318, 2.3551570990246504, 2.3551570990246504]  [1.1756148741210968, 0.9190950322094408, 0.9105186401666661, 0.9190951847383185, 1.175614873299814]
12  0.3  8.119966968646396e-9  -106.09823648826892 [3.198836622438882, 3.198836622438882, 5.0428570315354, 5.0428570315354, 5.1125185114353915, 5.1125185114353915, 5.112518510604788, 5.112518510604789, 5.042857029286028, 5.0428570292860275, 3.198836620611028, 3.198836620611028]  [1.145643008527912, 0.8684492571666355, 0.8653594430510538, 0.8684492503763531, 1.14564300846614]
12  0.2  2.0926928686340626e-8  -247.69831159175212 [3.539343444521611, 3.539343444521611, 5.358865330214939, 5.358865330214939, 5.373097757941651, 5.373097757941651, 5.373097757953084, 5.373097757953084, 5.358865323138151, 5.358865323138151, 3.539343444521517, 3.539343444521517]  [1.1294451617209724, 0.8486855774862287, 0.8480672538189864, 0.8486855776412895, 1.129445161927895]
12  0.1  5.204408346360445e-7  -999.4202873181184 [3.6196270490593525, 3.6196270490593525, 5.432574378342815, 5.432574378342815, 5.433469708349384, 5.433469708349383, 5.4334697083508505, 5.4334697083508505, 5.432574378342855, 5.432574378342854, 3.619627049059334, 3.619627049059334]  [1.1252832318690928, 0.8440593182562424, 0.8440206469756135, 0.8440593182562024, 1.1252832318690782]
12  3.0  3.5299286258762275e-10  -144.0017146465336 [-0.9999904744345395, -0.9999904744345395, -1.4999809490146303, -1.4999809490146305, -1.4999809491460023, -1.499980949146002, -1.4999809491471345, -1.4999809491471345, -1.4999809490101046, -1.4999809490101046, -0.999990474429169, -0.999990474429169]  [0.006172655436165896, 0.0061725974238677535, 0.00617259415541742, 0.006172597109991586, 0.006172657138373212]
12  2.0  2.843558721821182e-14  -64.01952409404196 [-0.999756098515017, -0.999756098515017, -1.4995122394520755, -1.4995122394520752, -1.4995122999071815, -1.4995122999071815, -1.4995122999071258, -1.4995122999071258, -1.4995122394521787, -1.4995122394521785, -0.9997560985149638, -0.9997560985149638]  [0.031229079781392464, 0.031223407241554466, 0.031223408457512446, 0.031223407243598834, 0.03122907978329152]
12  1.5  6.140088437689439e-13  -36.109340726237406 [-0.9975849532186227, -0.9975849532186227, -1.4951740223477101, -1.49517402234771, -1.4951799152646037, -1.495179915264604, -1.4951799152778695, -1.4951799152778702, -1.495174022361275, -1.495174022361275, -0.9975849532188008, -0.9975849532188008]  [0.09811150456560494, 0.09793580149274256, 0.0979361776765686, 0.0979358012190702, 0.09811150456446303]
12  1.0  1.7670757679010292e-9  -17.169276346791005 [-0.9472873168844856, -0.9472873168844856, -1.3960842225698384, -1.3960842226344137, -1.3985034579906837, -1.3985034580499753, -1.3985034148313045, -1.398503414776373, -1.3960841874631589, -1.3960841874135093, -0.9472873207263457, -0.9472873207263457]  [0.44277099419226, 0.42724524060549884, 0.427923309734564, 0.42724540246501874, 0.4427709501988567]
12  0.9  1.3825945270778457e-9  -15.016578925705172 [-0.8962234216585404, -0.8962234216585404, -1.2965877376538562, -1.2965877376352557, -1.304646914604192, -1.304646914561356, -1.3046469080869536, -1.3046469080229932, -1.2965878690372743, -1.296587868997549, -0.8962235629842968, -0.8962235629842968]  [0.5997181234372151, 0.5627890539524323, 0.5657101258358344, 0.5627891490880641, 0.5997177345588766]
12  0.8  2.2667120319171847e-8  -13.913576065944149 [-0.801082005965825, -0.8010820059658255, -1.1069931923318614, -1.1069931947096654, -1.1289999908571735, -1.1289999931062948, -1.129002351948783, -1.1290023448783313, -1.1069937811734836, -1.1069937742284202, -0.8010811919705881, -0.8010811919705881]  [0.7773940526161253, 0.704126131283226, 0.7132708588133991, 0.7041222536029488, 0.7773961693513708]
12  0.7  3.0986432825521767e-7  -14.498247087632917 [-0.6177895391484722, -0.6177895391484908, -0.7098000025349726, -0.7098000252508746, -0.7497830072262703, -0.7497830671487749, -0.7497826156065448, -0.749782698403536, -0.709800557766879, -0.7098006032829692, -0.6177887251856817, -0.6177887251856844]  [0.953360615029132, 0.842203428992705, 0.8587667965180228, 0.8422058941300532, 0.9533613567704022]
12  0.6  1.5487358948001458e-8  -15.96697402908704 [0.9986258993833708, 0.9986258993833708, 2.5097200183891806, 2.5097200183858206, 2.7661360211433483, 2.766136021140053, 2.766136022739568, 2.766136022742742, 2.509720022014582, 2.5097200220178064, 0.9986259003521938, 0.9986259003521937]  [1.1883420984221629, 0.999467255334845, 0.9915616356427167, 0.999467371953817, 1.1883420979958432]
12  0.5  6.194943579200583e-8  -29.72872637518126 [0.9986258993833708, 0.9986258993833708, 2.5097200183891806, 2.5097200183858206, 2.7661360211433483, 2.766136021140053, 2.766136022739568, 2.766136022742742, 2.509720022014582, 2.5097200220178064, 0.9986259003521938, 0.9986259003521937]  [1.1883420984221629, 0.999467255334845, 0.9915616356427167, 0.999467371953817, 1.1883420979958432]
12  0.4  1.1471208836166513e-6  -54.36386792329622 [2.355157095263472, 2.355157095263471, 4.210341913967764, 4.210341913969598, 4.40192730605277, 4.401927306057869, 4.401927319166303, 4.401927319168758, 4.2103419356139735, 4.21034193561318, 2.3551570990246504, 2.3551570990246504]  [1.1756148741210968, 0.9190950322094408, 0.9105186401666661, 0.9190951847383185, 1.175614873299814]
12  0.3  8.119966968646396e-9  -106.09823648826892 [3.198836622438882, 3.198836622438882, 5.0428570315354, 5.0428570315354, 5.1125185114353915, 5.1125185114353915, 5.112518510604788, 5.112518510604789, 5.042857029286028, 5.0428570292860275, 3.198836620611028, 3.198836620611028]  [1.145643008527912, 0.8684492571666355, 0.8653594430510538, 0.8684492503763531, 1.14564300846614]
12  0.2  2.0926928686340626e-8  -247.69831159175212 [3.539343444521611, 3.539343444521611, 5.358865330214939, 5.358865330214939, 5.373097757941651, 5.373097757941651, 5.373097757953084, 5.373097757953084, 5.358865323138151, 5.358865323138151, 3.539343444521517, 3.539343444521517]  [1.1294451617209724, 0.8486855774862287, 0.8480672538189864, 0.8486855776412895, 1.129445161927895]
12  0.1  5.204408346360445e-7  -999.4202873181184 [3.6196270490593525, 3.6196270490593525, 5.432574378342815, 5.432574378342815, 5.433469708349384, 5.433469708349383, 5.4334697083508505, 5.4334697083508505, 5.432574378342855, 5.432574378342854, 3.619627049059334, 3.619627049059334]  [1.1252832318690928, 0.8440593182562424, 0.8440206469756135, 0.8440593182562024, 1.1252832318690782]
12  3.0  3.5299286258762275e-10  -144.0017146465336 [-0.9999904744345395, -0.9999904744345395, -1.4999809490146303, -1.4999809490146305, -1.4999809491460023, -1.499980949146002, -1.4999809491471345, -1.4999809491471345, -1.4999809490101046, -1.4999809490101046, -0.999990474429169, -0.999990474429169]  [0.006172655458451469, 0.006172597737047335, 0.006172594727967344, 0.006172597446531595, 0.006172657193257279]
12  2.0  2.843558721821182e-14  -64.01952409404196 [-0.999756098515017, -0.999756098515017, -1.4995122394520755, -1.4995122394520752, -1.4995122999071815, -1.4995122999071815, -1.4995122999071258, -1.4995122999071258, -1.4995122394521787, -1.4995122394521785, -0.9997560985149638, -0.9997560985149638]  [0.031229976041794377, 0.031225199705345937, 0.031225200719731748, 0.031225199705505243, 0.03122997604180712]
12  1.5  6.140088437689439e-13  -36.109340726237406 [-0.9975849532186227, -0.9975849532186227, -1.4951740223477101, -1.49517402234771, -1.4951799152646037, -1.495179915264604, -1.4951799152778695, -1.4951799152778702, -1.495174022361275, -1.495174022361275, -0.9975849532188008, -0.9975849532188008]  [0.09813943053117324, 0.09799163982789526, 0.0979919539934289, 0.09799163955182279, 0.09813943053081475]
12  1.0  1.7670757679010292e-9  -17.169276346791005 [-0.9472873168844856, -0.9472873168844856, -1.3960842225698384, -1.3960842226344137, -1.3985034579906837, -1.3985034580499753, -1.3985034148313045, -1.398503414776373, -1.3960841874631589, -1.3960841874135093, -0.9472873207263457, -0.9472873207263457]  [0.44794205586482533, 0.4351115947793259, 0.4356690355148105, 0.4351118071506104, 0.4479420142972719]
12  0.9  1.3825945270778457e-9  -15.016578925705172 [-0.8962234216585404, -0.8962234216585404, -1.2965877376538562, -1.2965877376352557, -1.304646914604192, -1.304646914561356, -1.3046469080869536, -1.3046469080229932, -1.2965878690372743, -1.296587868997549, -0.8962235629842968, -0.8962235629842968]  [0.6143399317394931, 0.5845563568240354, 0.5869073618893916, 0.5845564335282029, 0.6143395285841959]
12  0.8  2.2667120319171847e-8  -13.913576065944149 [-0.801082005965825, -0.8010820059658255, -1.1069931923318614, -1.1069931947096654, -1.1289999908571735, -1.1289999931062948, -1.129002351948783, -1.1290023448783313, -1.1069937811734836, -1.1069937742284202, -0.8010811919705881, -0.8010811919705881]  [0.8174972493859417, 0.7622585973573347, 0.7692332932799851, 0.7622544508488952, 0.8174993700131375]
12  0.7  3.0986432825521767e-7  -14.498247087632917 [-0.6177895391484722, -0.6177895391484908, -0.7098000025349726, -0.7098000252508746, -0.7497830072262703, -0.7497830671487749, -0.7497826156065448, -0.749782698403536, -0.709800557766879, -0.7098006032829692, -0.6177887251856817, -0.6177887251856844]  [1.05895833558735, 0.9933952310940415, 1.004325280704982, 0.9933951916772659, 1.058958851385446]
12  0.6  1.5487358948001458e-8  -15.96697402908704 [0.9986258993833708, 0.9986258993833708, 2.5097200183891806, 2.5097200183858206, 2.7661360211433483, 2.766136021140053, 2.766136022739568, 2.766136022742742, 2.509720022014582, 2.5097200220178064, 0.9986259003521938, 0.9986259003521937]  [1.761291354436203, 1.824645789884178, 1.8289278052750824, 1.8246457905298734, 1.7612913546601092]
12  0.5  6.194943579200583e-8  -29.72872637518126 [0.9986258993833708, 0.9986258993833708, 2.5097200183891806, 2.5097200183858206, 2.7661360211433483, 2.766136021140053, 2.766136022739568, 2.766136022742742, 2.509720022014582, 2.5097200220178064, 0.9986259003521938, 0.9986259003521937]  [1.761291354436203, 1.824645789884178, 1.8289278052750824, 1.8246457905298734, 1.7612913546601092]
12  0.4  1.1471208836166513e-6  -54.36386792329622 [2.355157095263472, 2.355157095263471, 4.210341913967764, 4.210341913969598, 4.40192730605277, 4.401927306057869, 4.401927319166303, 4.401927319168758, 4.2103419356139735, 4.21034193561318, 2.3551570990246504, 2.3551570990246504]  [1.9508319118896702, 1.973086689521514, 1.9734463034333554, 1.9730866904439361, 1.9508319126343945]
12  0.3  8.119966968646396e-9  -106.09823648826892 [3.198836622438882, 3.198836622438882, 5.0428570315354, 5.0428570315354, 5.1125185114353915, 5.1125185114353915, 5.112518510604788, 5.112518510604789, 5.042857029286028, 5.0428570292860275, 3.198836620611028, 3.198836620611028]  [1.9947070147452877, 1.9973655648792592, 1.9973725996106009, 1.9973655648422528, 1.9947070147083783]
12  0.2  2.0926928686340626e-8  -247.69831159175212 [3.539343444521611, 3.539343444521611, 5.358865330214939, 5.358865330214939, 5.373097757941651, 5.373097757941651, 5.373097757953084, 5.373097757953084, 5.358865323138151, 5.358865323138151, 3.539343444521517, 3.539343444521517]  [1.9997889284514654, 1.9998969778406517, 1.9998970131230573, 1.999896977829347, 1.999788928440143]
12  0.1  5.204408346360445e-7  -999.4202873181184 [3.6196270490593525, 3.6196270490593525, 5.432574378342815, 5.432574378342815, 5.433469708349384, 5.433469708349383, 5.4334697083508505, 5.4334697083508505, 5.432574378342855, 5.432574378342854, 3.619627049059334, 3.619627049059334]  [1.9999991717600474, 1.9999995970543698, 1.9999995970618192, 1.99999959705437, 1.9999991717600472]
