12  3.0  -8.34894205621684e-14  -99.00112113243246 [-0.999990023030059, -0.4999975199299006, -1.4999800460343968, -0.4999950402573162, -1.4999800456473567, -0.4999950402911914, -1.4999800456468824, -0.4999950402904167, -1.4999800460352877, -0.49999504025583436, -0.999990023031424, -0.4999975199291933]  [0.0, 0.0, 0.0, 0.0, 0.004036043797278124]
12  2.0  1.002958022981112e-12  -44.012770942561886 [-0.9997442164053149, -0.49993646244916196, -1.4994883810365491, -0.4998731657971774, -1.4994881005232439, -0.49987317855224495, -1.4994881005219296, -0.4998731785521918, -1.4994883810420556, -0.4998731658049407, -0.9997442164114344, -0.4999364624562747]  [0.0, 0.0, 0.0, 0.0, 0.02043038717193006]
12  1.5  1.2494191658305174e-9  -24.82178135785974 [-0.9974372238619664, -0.4993676518545497, -1.494869244726794, -0.49875944665481303, -1.4948410572194122, -0.49876119024765153, -1.4948410546835187, -0.4987611902608608, -1.494869242460683, -0.49875944665799593, -0.9974372241190214, -0.4993676518308288]  [0.0, 0.0, 0.0, 0.0, 0.06450510947090149]
12  1.0  1.836828207590912e-7  -11.824250633661997 [-0.9275945063312491, -0.48550113726836314, -1.35256525264084, -0.48836177028019684, -1.3350681681761523, -0.4961418470720753, -1.3350412609055966, -0.4961714776603774, -1.35251457403283, -0.4884046088061461, -0.9275579824199023, -0.4855015920820748]  [0.0, 0.0, 0.0, 0.0, 0.3183844903013175]
12  0.9  1.5400065935821236e-7  -10.443497612585974 [-0.830197021733362, -0.4710719754192894, -1.1624430970282635, -0.5140633813558488, -1.109696947760634, -0.5522420831348449, -1.1097293547917482, -0.5522161265726541, -1.1625212354795835, -0.5140153201037813, -0.8302621592701541, -0.47106927678041033]  [0.0, 0.0, 0.0, 0.0, 0.45470628407531166]
12  0.8  2.3599474856669207e-9  -9.848279109469313 [-0.6970445154446551, -0.4383793537033127, -0.932696765356682, -0.5301981958712704, -0.8576491787284231, -0.6016579938976452, -0.8576491786974063, -0.6016579940166069, -0.9326967654483707, -0.5301981962378188, -0.6970445154678078, -0.43837935385038984]  [0.0, 0.0, 0.0, 0.0, 0.5843214478894534]
12  0.7  4.86709828976986e-9  -10.320915187346861 [-0.5566428158576473, -0.3429050152946016, -0.6945616882802071, -0.3998117359059947, -0.6187963076614219, -0.48665628786005033, -0.6187963077620203, -0.48665628819582774, -0.6945616878267059, -0.3998117363083473, -0.5566428152158982, -0.3429050152724159]  [0.0, 0.0, 0.0, 0.0, 0.712396085134333]
12  0.6  1.3565427793922436e-8  -12.755151003581737 [-0.2832779013843354, -0.03607153217469569, -0.16924643641351073, 0.13803213693409866, -0.08451325248987171, 0.008004892629913598, -0.08451325689454707, 0.008004892596496616, -0.169246440800462, 0.13803214052887885, -0.2832779034139842, -0.036071530595259735]  [0.0, 0.0, 0.0, 0.0, 0.9046828853309187]
12  0.5  2.746087744983093e-7  -19.56518412406755 [0.4477943004021069, 0.7693094308821165, 1.1110455479381858, 1.4570793777443307, 1.1612731163484475, 1.199865649572999, 1.161195614617169, 1.1999015593853875, 1.1109483403632627, 1.4571314192614957, 0.44776747419132334, 0.7693184422175776]  [0.0, 0.0, 0.0, 0.0, 1.167224918041726]
12  0.4  1.3720377413140637e-5  -34.9883188705246 [1.5167715356030096, 1.7721069917418477, 2.517855716345254, 2.760434846233154, 2.389166509720538, 2.382419289764128, 2.391353496443498, 2.3840961955510185, 2.5197025505480797, 2.7617599535611017, 1.5163506593306555, 1.7716744695684028]  [0.0, 0.0, 0.0, 0.0, 1.3305621652526205]
12  0.3  2.0700274226066186e-5  -68.12313841648913 [2.2427573862352634, 2.3491239167114686, 3.237705025244173, 3.3327619236671158, 2.9551727738759803, 2.948086381638232, 2.954469043140783, 2.946888791692119, 3.2373250952675017, 3.3319394888275045, 2.242936773872809, 2.3493546586918534]  [0.0, 0.0, 0.0, 0.0, 1.3735263235600765]
12  0.2  0.0012145824204362965  -159.00414183688073 [2.5170893686855136, 2.5460775171427255, 3.4176133795272263, 3.440250721423259, 3.0327133184613357, 3.0294789139496974, 3.076029527393791, 3.070393449958882, 3.390278695520788, 3.4353991912851676, 2.4084310195269945, 2.4623039947746745]  [0.0, 0.0, 0.0, 0.0, 1.3778173055573395]
12  0.1  0.0009352157736785773  -641.4449378808117 [2.5271466455664973, 2.5529205474012127, 3.43213225573691, 3.4519501061727222, 3.049595316181887, 3.046692687531283, 3.086369563297814, 3.0809806393007317, 3.398155379173286, 3.440977113952862, 2.4176550787077233, 2.4689191602328817]  [0.0, 0.0, 0.0, 0.0, 1.3780144054807262]
12  3.0  -8.34894205621684e-14  -99.00112113243246 [-0.999990023030059, -0.4999975199299006, -1.4999800460343968, -0.4999950402573162, -1.4999800456473567, -0.4999950402911914, -1.4999800456468824, -0.4999950402904167, -1.4999800460352877, -0.49999504025583436, -0.999990023031424, -0.4999975199291933]  [0.004036043903797767, 0.0040360811407813375, 0.0040360809872412836, 0.004036081343057515, 0.004036043797278124]
12  2.0  1.002958022981112e-12  -44.012770942561886 [-0.9997442164053149, -0.49993646244916196, -1.4994883810365491, -0.4998731657971774, -1.4994881005232439, -0.49987317855224495, -1.4994881005219296, -0.4998731785521918, -1.4994883810420556, -0.4998731658049407, -0.9997442164114344, -0.4999364624562747]  [0.020430387853483903, 0.020436943479914434, 0.020436955393005482, 0.020436943513152384, 0.02043038717193006]
12  1.5  1.2494191658305174e-9  -24.82178135785974 [-0.9974372238619664, -0.4993676518545497, -1.494869244726794, -0.49875944665481303, -1.4948410572194122, -0.49876119024765153, -1.4948410546835187, -0.4987611902608608, -1.494869242460683, -0.49875944665799593, -0.9974372241190214, -0.4993676518308288]  [0.06450511141280815, 0.06471052050053865, 0.06471417099373497, 0.06471054619058773, 0.06450510947090149]
12  1.0  1.836828207590912e-7  -11.824250633661997 [-0.9275945063312491, -0.48550113726836314, -1.35256525264084, -0.48836177028019684, -1.3350681681761523, -0.4961418470720753, -1.3350412609055966, -0.4961714776603774, -1.35251457403283, -0.4884046088061461, -0.9275579824199023, -0.4855015920820748]  [0.3183606275010602, 0.33761184014702345, 0.3418166386342869, 0.3376530430854531, 0.3183844903013175]
12  0.9  1.5400065935821236e-7  -10.443497612585974 [-0.830197021733362, -0.4710719754192894, -1.1624430970282635, -0.5140633813558488, -1.109696947760634, -0.5522420831348449, -1.1097293547917482, -0.5522161265726541, -1.1625212354795835, -0.5140153201037813, -0.8302621592701541, -0.47106927678041033]  [0.454752145489159, 0.4849657435187865, 0.4915693629085823, 0.48494134763954366, 0.45470628407531166]
12  0.8  2.3599474856669207e-9  -9.848279109469313 [-0.6970445154446551, -0.4383793537033127, -0.932696765356682, -0.5301981958712704, -0.8576491787284231, -0.6016579938976452, -0.8576491786974063, -0.6016579940166069, -0.9326967654483707, -0.5301981962378188, -0.6970445154678078, -0.43837935385038984]  [0.5843214480817979, 0.6023481395683177, 0.6055522345291005, 0.6023481395491377, 0.5843214478894534]
12  0.7  4.86709828976986e-9  -10.320915187346861 [-0.5566428158576473, -0.3429050152946016, -0.6945616882802071, -0.3998117359059947, -0.6187963076614219, -0.48665628786005033, -0.6187963077620203, -0.48665628819582774, -0.6945616878267059, -0.3998117363083473, -0.5566428152158982, -0.3429050152724159]  [0.7123960848823241, 0.7142769629751515, 0.7155830253034494, 0.7142769627739115, 0.712396085134333]
12  0.6  1.3565427793922436e-8  -12.755151003581737 [-0.2832779013843354, -0.03607153217469569, -0.16924643641351073, 0.13803213693409866, -0.08451325248987171, 0.008004892629913598, -0.08451325689454707, 0.008004892596496616, -0.169246440800462, 0.13803214052887885, -0.2832779034139842, -0.036071530595259735]  [0.9046828851544744, 0.8900897404429349, 0.8916120281421451, 0.8900897398859562, 0.9046828853309187]
12  0.5  2.746087744983093e-7  -19.56518412406755 [0.4477943004021069, 0.7693094308821165, 1.1110455479381858, 1.4570793777443307, 1.1612731163484475, 1.199865649572999, 1.161195614617169, 1.1999015593853875, 1.1109483403632627, 1.4571314192614957, 0.44776747419132334, 0.7693184422175776]  [1.167224715138965, 1.1057642046862743, 1.1136142099402555, 1.1057574439209135, 1.167224918041726]
12  0.4  1.3720377413140637e-5  -34.9883188705246 [1.5167715356030096, 1.7721069917418477, 2.517855716345254, 2.760434846233154, 2.389166509720538, 2.382419289764128, 2.391353496443498, 2.3840961955510185, 2.5197025505480797, 2.7617599535611017, 1.5163506593306555, 1.7716744695684028]  [1.330731044973536, 1.195112069608101, 1.2292881574461096, 1.195542297963231, 1.3305621652526205]
12  0.3  2.0700274226066186e-5  -68.12313841648913 [2.2427573862352634, 2.3491239167114686, 3.237705025244173, 3.3327619236671158, 2.9551727738759803, 2.948086381638232, 2.954469043140783, 2.946888791692119, 3.2373250952675017, 3.3319394888275045, 2.242936773872809, 2.3493546586918534]  [1.3734833359109138, 1.2010873453311832, 1.2584319585081225, 1.200996379400464, 1.3735263235600765]
12  0.2  0.0012145824204362965  -159.00414183688073 [2.5170893686855136, 2.5460775171427255, 3.4176133795272263, 3.440250721423259, 3.0327133184613357, 3.0294789139496974, 3.076029527393791, 3.070393449958882, 3.390278695520788, 3.4353991912851676, 2.4084310195269945, 2.4623039947746745]  [1.3832548555121005, 1.1931691719786859, 1.2638337739713807, 1.1994608447407202, 1.3778173055573395]
12  0.1  0.0009352157736785773  -641.4449378808117 [2.5271466455664973, 2.5529205474012127, 3.43213225573691, 3.4519501061727222, 3.049595316181887, 3.046692687531283, 3.086369563297814, 3.0809806393007317, 3.398155379173286, 3.440977113952862, 2.4176550787077233, 2.4689191602328817]  [1.3832208407601465, 1.193351502044326, 1.2643076106177618, 1.1991597193153871, 1.3780144054807262]
12  3.0  -8.526580494046554e-14  -99.00112113243247 [-0.9999900230300588, -0.4999975199299006, -1.4999800460343966, -0.4999950402573163, -1.4999800456473569, -0.4999950402911915, -1.4999800456468828, -0.4999950402904167, -1.4999800460352881, -0.49999504025583447, -0.9999900230314243, -0.4999975199291934]  [0.004036043903797766, 0.004036081140781338, 0.0040360809872412836, 0.004036081343057516, 0.004036043797278125]
12  2.0  1.0029580764579764e-12  -44.012770942561836 [-0.999744216405315, -0.499936462449162, -1.4994883810365491, -0.49987316579717744, -1.499488100523244, -0.49987317855224495, -1.4994881005219294, -0.4998731785521918, -1.4994883810420554, -0.49987316580494073, -0.9997442164114344, -0.49993646245627477]  [0.020430387853483903, 0.020436943479914434, 0.02043695539300548, 0.02043694351315238, 0.02043038717193006]
12  1.5  1.249447521624267e-9  -24.821781357859635 [-0.9974372238619664, -0.49936765185454957, -1.494869244726794, -0.49875944665481303, -1.4948410572194122, -0.49876119024765153, -1.494841054683519, -0.4987611902608608, -1.494869242460683, -0.4987594466579959, -0.9974372241190214, -0.4993676518308289]  [0.06450511141280815, 0.06471052050053862, 0.06471417099373498, 0.06471054619058775, 0.06450510947090148]
12  1.0  1.8368255927381336e-7  -11.824250633662649 [-0.9275945063312494, -0.48550113726836314, -1.35256525264084, -0.48836177028019706, -1.3350681681761525, -0.49614184707207554, -1.335041260905597, -0.4961714776603775, -1.3525145740328306, -0.48840460880614633, -0.9275579824199028, -0.48550159208207505]  [0.3183606275010604, 0.3376118401470236, 0.34181663863428696, 0.33765304308545313, 0.31838449030131766]
12  0.9  1.5400024168884102e-7  -10.443497612586683 [-0.8301970217333619, -0.4710719754192894, -1.1624430970282635, -0.5140633813558488, -1.1096969477606338, -0.5522420831348452, -1.1097293547917477, -0.5522161265726542, -1.162521235479584, -0.5140153201037813, -0.8302621592701543, -0.47106927678041044]  [0.45475214548915893, 0.48496574351878624, 0.4915693629085823, 0.48494134763954383, 0.4547062840753118]
12  0.8  2.359164084544959e-9  -9.848279109469033 [-0.697044515444655, -0.43837935370331266, -0.9326967653566819, -0.5301981958712705, -0.8576491787284231, -0.6016579938976448, -0.8576491786974065, -0.6016579940166069, -0.932696765448371, -0.530198196237819, -0.697044515467808, -0.43837935385039006]  [0.5843214480817978, 0.6023481395683178, 0.6055522345291005, 0.6023481395491377, 0.5843214478894536]
12  0.7  4.866923762710407e-9  -10.320915187347424 [-0.5566428158576472, -0.3429050152946016, -0.6945616882802068, -0.39981173590599484, -0.618796307661422, -0.4866562878600503, -0.6187963077620202, -0.4866562881958277, -0.694561687826706, -0.39981173630834743, -0.5566428152158981, -0.34290501527241585]  [0.7123960848823241, 0.7142769629751513, 0.7155830253034495, 0.7142769627739116, 0.7123960851343327]
12  0.6  1.3566605518506955e-8  -12.755151003577557 [-0.2832779013843354, -0.03607153217469575, -0.16924643641351075, 0.13803213693409852, -0.08451325248987161, 0.0080048926299138, -0.08451325689454704, 0.008004892596496789, -0.1692464408004621, 0.13803214052887894, -0.28327790341398407, -0.03607153059525973]  [0.9046828851544745, 0.8900897404429352, 0.8916120281421451, 0.8900897398859561, 0.9046828853309187]
12  0.5  2.746076092082227e-7  -19.565184124063244 [0.44779430040210705, 0.7693094308821171, 1.111045547938186, 1.4570793777443307, 1.1612731163484469, 1.1998656495729993, 1.161195614617169, 1.1999015593853872, 1.1109483403632625, 1.4571314192614953, 0.4477674741913235, 0.769318442217578]  [1.167224715138965, 1.1057642046862741, 1.1136142099402555, 1.105757443920914, 1.167224918041726]
12  0.4  1.3720370137183023e-5  -34.98831887054354 [1.5167715356030103, 1.772106991741848, 2.5178557163452537, 2.760434846233154, 2.3891665097205377, 2.382419289764128, 2.3913534964434975, 2.3840961955510176, 2.5197025505480797, 2.7617599535611017, 1.516350659330655, 1.7716744695684024]  [1.330731044973536, 1.195112069608101, 1.2292881574461096, 1.195542297963231, 1.3305621652526203]
12  0.3  2.0700001377655655e-5  -68.12313841735681 [2.242757386235263, 2.349123916711468, 3.237705025244173, 3.3327619236671153, 2.9551727738759803, 2.948086381638232, 2.9544690431407843, 2.9468887916921194, 3.2373250952675026, 3.3319394888275036, 2.2429367738728097, 2.349354658691853]  [1.3734833359109142, 1.201087345331183, 1.258431958508122, 1.2009963794004643, 1.3735263235600768]
12  0.2  0.001214588124787066  -159.0041418394841 [2.517089368685513, 2.5460775171427263, 3.4176133795272263, 3.4402507214232596, 3.0327133184613357, 3.0294789139496983, 3.076029527393791, 3.070393449958882, 3.390278695520788, 3.435399191285168, 2.408431019526994, 2.462303994774674]  [1.3832548555121003, 1.1931691719786857, 1.2638337739713812, 1.1994608447407202, 1.3778173055573393]
12  0.1  0.0009350667620666389  -641.4449372217458 [2.5271466455664973, 2.552920547401213, 3.4321322557369105, 3.4519501061727227, 3.049595316181887, 3.0466926875312836, 3.086369563297814, 3.080980639300732, 3.3981553791732857, 3.4409771139528624, 2.417655078707724, 2.4689191602328826]  [1.3832208407601465, 1.1933515020443257, 1.2643076106177618, 1.1991597193153873, 1.3780144054807264]
12  3.0  -8.526580494046554e-14  -99.00112113243247 [-0.9999900230300588, -0.4999975199299006, -1.4999800460343966, -0.4999950402573163, -1.4999800456473569, -0.4999950402911915, -1.4999800456468828, -0.4999950402904167, -1.4999800460352881, -0.49999504025583447, -0.9999900230314243, -0.4999975199291934]  [0.004036043903797771, 0.0040360811407813444, 0.004036080987241288, 0.00403608134305752, 0.004036043797278129]
12  2.0  1.0029580764579764e-12  -44.012770942561836 [-0.999744216405315, -0.499936462449162, -1.4994883810365491, -0.49987316579717744, -1.499488100523244, -0.49987317855224495, -1.4994881005219294, -0.4998731785521918, -1.4994883810420554, -0.49987316580494073, -0.9997442164114344, -0.49993646245627477]  [0.020430387853483927, 0.020436943479914454, 0.0204369553930055, 0.0204369435131524, 0.020430387171930083]
12  1.5  1.249447521624267e-9  -24.82178135785969 [-0.9974372238619664, -0.49936765185454957, -1.494869244726794, -0.49875944665481303, -1.4948410572194122, -0.49876119024765153, -1.494841054683519, -0.4987611902608608, -1.494869242460683, -0.4987594466579959, -0.9974372241190214, -0.4993676518308289]  [0.06450511141280821, 0.0647105205005387, 0.06471417099373505, 0.0647105461905878, 0.06450510947090153]
12  1.0  1.8368255927381336e-7  -11.824250633662462 [-0.9275945063312494, -0.48550113726836314, -1.35256525264084, -0.48836177028019706, -1.3350681681761525, -0.49614184707207554, -1.335041260905597, -0.4961714776603775, -1.3525145740328306, -0.48840460880614633, -0.9275579824199028, -0.48550159208207505]  [0.31836062750106076, 0.33761184014702394, 0.3418166386342873, 0.33765304308545346, 0.318384490301318]
12  0.9  1.5400024168884102e-7  -10.443497612586183 [-0.8301970217333619, -0.4710719754192894, -1.1624430970282635, -0.5140633813558488, -1.1096969477606338, -0.5522420831348452, -1.1097293547917477, -0.5522161265726542, -1.162521235479584, -0.5140153201037813, -0.8302621592701543, -0.47106927678041044]  [0.4547521454891593, 0.48496574351878685, 0.4915693629085829, 0.48494134763954444, 0.4547062840753121]
12  0.8  2.359164084544959e-9  -9.84827910946909 [-0.697044515444655, -0.43837935370331266, -0.9326967653566819, -0.5301981958712705, -0.8576491787284231, -0.6016579938976448, -0.8576491786974065, -0.6016579940166069, -0.932696765448371, -0.530198196237819, -0.697044515467808, -0.43837935385039006]  [0.5843214480817983, 0.6023481395683186, 0.6055522345291009, 0.6023481395491381, 0.5843214478894538]
12  0.7  4.866923762710407e-9  -10.320915187347424 [-0.5566428158576472, -0.3429050152946016, -0.6945616882802068, -0.39981173590599484, -0.618796307661422, -0.4866562878600503, -0.6187963077620202, -0.4866562881958277, -0.694561687826706, -0.39981173630834743, -0.5566428152158981, -0.34290501527241585]  [0.7123960848823248, 0.7142769629751521, 0.7155830253034501, 0.7142769627739121, 0.7123960851343333]
12  0.6  1.3566605518506955e-8  -12.755151003577557 [-0.2832779013843354, -0.03607153217469575, -0.16924643641351075, 0.13803213693409852, -0.08451325248987161, 0.0080048926299138, -0.08451325689454704, 0.008004892596496789, -0.1692464408004621, 0.13803214052887894, -0.28327790341398407, -0.03607153059525973]  [0.9046828851544753, 0.8900897404429357, 0.8916120281421456, 0.8900897398859566, 0.9046828853309191]
12  0.5  2.746076092082227e-7  -19.565184124063126 [0.44779430040210705, 0.7693094308821171, 1.111045547938186, 1.4570793777443307, 1.1612731163484469, 1.1998656495729993, 1.161195614617169, 1.1999015593853872, 1.1109483403632625, 1.4571314192614953, 0.4477674741913235, 0.769318442217578]  [1.1672247151389656, 1.1057642046862746, 1.113614209940256, 1.1057574439209141, 1.1672249180417262]
12  0.4  1.3720370137183023e-5  -34.98831887050079 [1.5167715356030103, 1.772106991741848, 2.5178557163452537, 2.760434846233154, 2.3891665097205377, 2.382419289764128, 2.3913534964434975, 2.3840961955510176, 2.5197025505480797, 2.7617599535611017, 1.516350659330655, 1.7716744695684024]  [1.3307310449735361, 1.1951120696081015, 1.2292881574461096, 1.1955422979632313, 1.3305621652526205]
12  0.3  2.0700001377655655e-5  -68.12313841735681 [2.242757386235263, 2.349123916711468, 3.237705025244173, 3.3327619236671153, 2.9551727738759803, 2.948086381638232, 2.9544690431407843, 2.9468887916921194, 3.2373250952675026, 3.3319394888275036, 2.2429367738728097, 2.349354658691853]  [1.3734833359109142, 1.2010873453311832, 1.2584319585081225, 1.2009963794004643, 1.3735263235600768]
12  0.2  0.001214588124787066  -159.00414184274453 [2.517089368685513, 2.5460775171427263, 3.4176133795272263, 3.4402507214232596, 3.0327133184613357, 3.0294789139496983, 3.076029527393791, 3.070393449958882, 3.390278695520788, 3.435399191285168, 2.408431019526994, 2.462303994774674]  [1.3832548555121, 1.1931691719786859, 1.2638337739713812, 1.1994608447407205, 1.3778173055573397]
12  0.1  0.0009350667620666389  -641.4449371025397 [2.5271466455664973, 2.552920547401213, 3.4321322557369105, 3.4519501061727227, 3.049595316181887, 3.0466926875312836, 3.086369563297814, 3.080980639300732, 3.3981553791732857, 3.4409771139528624, 2.417655078707724, 2.4689191602328826]  [1.3832208407601472, 1.193351502044326, 1.264307610617762, 1.1991597193153876, 1.3780144054807266]
12  3.0  -8.526580494046554e-14  -99.00112113243247 [-0.9999900230300588, -0.4999975199299006, -1.4999800460343966, -0.4999950402573163, -1.4999800456473569, -0.4999950402911915, -1.4999800456468828, -0.4999950402904167, -1.4999800460352881, -0.49999504025583447, -0.9999900230314243, -0.4999975199291934]  [0.004036043903797771, 0.0040360811407813444, 0.004036080987241288, 0.00403608134305752, 0.004036043797278129]
12  2.0  1.0029580764579764e-12  -44.012770942561836 [-0.999744216405315, -0.499936462449162, -1.4994883810365491, -0.49987316579717744, -1.499488100523244, -0.49987317855224495, -1.4994881005219294, -0.4998731785521918, -1.4994883810420554, -0.49987316580494073, -0.9997442164114344, -0.49993646245627477]  [0.020430387853483927, 0.020436943479914454, 0.0204369553930055, 0.0204369435131524, 0.020430387171930083]
12  1.5  1.249447521624267e-9  -24.82178135785969 [-0.9974372238619664, -0.49936765185454957, -1.494869244726794, -0.49875944665481303, -1.4948410572194122, -0.49876119024765153, -1.494841054683519, -0.4987611902608608, -1.494869242460683, -0.4987594466579959, -0.9974372241190214, -0.4993676518308289]  [0.06450511141280821, 0.0647105205005387, 0.06471417099373505, 0.0647105461905878, 0.06450510947090153]
12  1.0  1.1898782294099723e-9  -11.915466021492895 [-0.9269489389554918, -0.4778727082908637, -1.3515517331308957, -0.4725904976389145, -1.3350349403693338, -0.48026529239609506, -1.3350349413100524, -0.4802652844922655, -1.3515517413085316, -0.4725904887504446, -0.9269489467865257, -0.4778727079003435]  [0.35425684769706345, 0.37152606400612953, 0.3753719788760104, 0.3715260749834851, 0.3542568357908847]
12  0.9  1.0085012609707802e-9  -10.60619121451417 [-0.8297987210194085, -0.4546248027477444, -1.161427285593255, -0.4780506112903198, -1.1113010840980408, -0.515098443425979, -1.1113010832686323, -0.5150984459872002, -1.1614272850736977, -0.4780506126048501, -0.8297987226623332, -0.454624802834179]  [0.5067258301207715, 0.5334665412970202, 0.5397252362923847, 0.5334665416602437, 0.5067258282156464]
12  0.8  9.081761328564349e-10  -10.173763995178133 [-0.6864109754111899, -0.39827862343445136, -0.9059643167758852, -0.4459018467787545, -0.8301174712522827, -0.5188584135652478, -0.8301174979247878, -0.5188583973083455, -0.9059644693099179, -0.4459016714628035, -0.68641121357274, -0.39827857667486394]  [0.6717114162327273, 0.6877681363252081, 0.6911423251981231, 0.687768133488776, 0.6717113475165272]
12  0.7  4.705708045626546e-9  -11.11674502558569 [-0.4886805436458859, -0.21632471722242097, -0.535323428683869, -0.14506092951547056, -0.44008757908484075, -0.23999538129959921, -0.44008757944616583, -0.23999538118555908, -0.535323429151115, -0.14506093054912186, -0.48868054331065724, -0.21632471793247005]  [0.885999510450526, 0.893888736396404, 0.8955886384572272, 0.8938887362269631, 0.8859995101494877]
12  0.6  1.1074732230815766e-8  -15.263111396356887 [0.0960698115485139, 0.4803272520869865, 0.6833638068631881, 1.1706668510502354, 0.9249079996111104, 1.0919403972636825, 0.92490799691554, 1.091940392447954, 0.6833638003193447, 1.1706668445107293, 0.09606980687021109, 0.4803272495339369]  [1.3012624649170736, 1.3464854393274315, 1.3519582680695803, 1.3464854372514734, 1.3012624633994483]
12  0.5  7.245114375226167e-8  -27.815974676976452 [1.629266370288067, 2.1012239073950663, 3.3348525705335943, 3.836610001480514, 3.778617163539725, 3.8234375775445155, 3.7786171704698273, 3.8234375818096, 3.3348525755775, 3.836610003371253, 1.6292663713279056, 2.1012239079447435]  [1.8153052933594789, 1.8769428657442553, 1.8824983182063755, 1.8769428665714147, 1.8153052935552922]
12  0.4  1.2465761881043426e-7  -53.73956758796883 [2.838767736301552, 3.110950801910877, 4.7285166554425935, 5.001772781650337, 4.952108667381728, 4.95422582960842, 4.952108664677277, 4.954225827925876, 4.728516655569011, 5.001772782623177, 2.838767737401092, 3.110950802834974]  [1.974103471441994, 1.9865910791189965, 1.9869624674024349, 1.9865910791086026, 1.974103471498545]
12  0.3  1.5654198244653624e-6  -105.97758191555167 [3.3841647513631394, 3.4796392585020315, 5.230324843956322, 5.325652459739413, 5.302649420060282, 5.302536204678274, 5.302649420719955, 5.302536205305579, 5.230324845766069, 5.325652461945814, 3.384164750940544, 3.47963925850724]  [1.997665746514378, 1.9988820125735298, 1.9988914594886504, 1.998882012534173, 1.997665746549787]
12  0.2  2.865869453731456e-7  -247.6874161957882 [3.5780368980764137, 3.5974867605703507, 5.397614806450813, 5.41705509875127, 5.411940736562156, 5.411931429858514, 5.411940737260255, 5.41193143055651, 5.397614803635632, 5.4170550959359804, 3.5780368980764155, 3.597486760570346]  [1.9999124211756756, 1.9999589205829709, 1.9999589862327265, 1.9999589205795811, 1.9999124211711712]
12  0.1  -9.228250171548593e-7  -999.4201158117182 [3.6220736303000343, 3.623297316943627, 5.435021151537992, 5.436244797314909, 5.435916836751686, 5.435916795948822, 5.435916836752371, 5.435916795949952, 5.435021151536023, 5.436244797313266, 3.6220736303002616, 3.6232973169437344]  [1.9999996610351838, 1.9999998417154008, 1.999999841731025, 1.9999998417154004, 1.999999661035184]
