20  3.0  200  -252.00309594674073  [-0.999990415194803, -0.999990415194803, -1.4999808304193736, -1.4999808304193736, -1.4999808304012046, -1.4999808304012046, -1.499980830401205, -1.499980830401205, -1.4999808304012048, -1.4999808304012048, -1.499980830401205, -1.499980830401205, -1.4999808304012046, -1.4999808304012046, -1.4999808304012052, -1.499980830401205, -1.4999808304193742, -1.4999808304193742, -0.9999904151948028, -0.9999904151948028]
20  2.0  200  -112.03570645593469  [-0.9997482081732658, -0.9997482081732658, -1.4994964368665034, -1.4994964368665034, -1.4994964243240978, -1.4994964243240976, -1.499496424322457, -1.499496424322457, -1.49949642432245, -1.49949642432245, -1.4994964243224476, -1.4994964243224476, -1.4994964243224407, -1.4994964243224407, -1.4994964243236781, -1.4994964243236781, -1.4994964368652914, -1.4994964368652914, -0.999748208172385, -0.999748208172385]
20  1.5  200  -63.2073048302558  [-0.997319802042109, -0.997319802042109, -1.4946419207689683, -1.4946419207689685, -1.4946405031628236, -1.4946405031628218, -1.4946405013598807, -1.494640501359878, -1.4946405013586403, -1.4946405013586377, -1.4946405013579704, -1.4946405013579702, -1.4946405013604351, -1.4946405013604322, -1.494640503163461, -1.4946405031634582, -1.4946419207708481, -1.4946419207708481, -0.9973198020420947, -0.9973198020420947]
20  1.0  200  -30.748851316240774  [-0.913461112785323, -0.913461112785323, -1.3293598503010038, -1.329359850304226, -1.3282630146787295, -1.3282630146816983, -1.3282203202566698, -1.3282203202510843, -1.3282189020087567, -1.3282189020016753, -1.3282189020053095, -1.328218902002818, -1.3282203202564642, -1.328220320254255, -1.328263014689446, -1.3282630146853995, -1.329359850307181, -1.329359850304813, -0.9134611127821031, -0.9134611127821031]
20  0.9  200  -28.052928151468024  [-0.8051526507926915, -0.8051526507926915, -1.1225526231984733, -1.1225526231986966, -1.1190753989859583, -1.1190753989905653, -1.118798512570902, -1.118798512580759, -1.118782792699945, -1.1187827927089276, -1.118782792798855, -1.1187827928059748, -1.1187985124721174, -1.1187985124794055, -1.1190753985758075, -1.1190753985837159, -1.1225526227624503, -1.1225526227666882, -0.8051526505455247, -0.8051526505455247]
20  0.8  200  -28.419217688613433  [-0.6235432948399113, -0.6235432948399113, -0.7859667449991766, -0.7859667449991715, -0.7802014955392848, -0.780201495538377, -0.7793906765215184, -0.7793906765200003, -0.7793432176226452, -0.7793432176215056, -0.77934321729755, -0.7793432172965172, -0.7793906750177727, -0.7793906750173301, -0.7802014928238131, -0.7802014928237694, -0.7859667424696917, -0.7859667424695909, -0.623543293699494, -0.623543293699494]
20  0.7  200  -33.09700222354144  [-0.41453872071633857, -0.41453872071633857, -0.38120181872818293, -0.3812018187281245, -0.3664099716928762, -0.3664099716928915, -0.36478077754692756, -0.36478077754702143, -0.36470053775205064, -0.3647005377521526, -0.3647005376776573, -0.3647005376778825, -0.3647807773430146, -0.3647807773432146, -0.3664099714242153, -0.36640997142428416, -0.3812018183743858, -0.38120181837439737, -0.4145387204327195, -0.4145387204327195]
20  0.6  200  -44.001128885274895  [-0.16799540206472624, -0.16799540206472624, 0.12504393602098737, 0.1250439360210025, 0.1774984764892918, 0.17749847648925393, 0.18093613392381713, 0.18093613392378824, 0.18119160321590286, 0.1811916032159844, 0.1811916031235058, 0.1811916031236057, 0.1809361337349422, 0.18093613373514814, 0.17749847666855453, 0.17749847666868848, 0.12504393636846822, 0.12504393636845224, -0.16799540200021226, -0.16799540200021226]
20  0.5  200  -65.39342469044688  [0.21658669242097423, 0.21658669242097414, 0.7895937415821741, 0.7895937415835732, 0.8909722889360202, 0.8909722889369587, 0.8956664794033566, 0.8956664794028291, 0.8960241496930073, 0.8960241496929992, 0.8960241496494729, 0.8960241496490822, 0.8956664795209516, 0.8956664795205767, 0.8909722892964309, 0.8909722892939469, 0.7895937419680257, 0.7895937419654746, 0.21658669264701186, 0.21658669264701186]
20  0.4  200  -106.97297542425399  [0.7496353303690214, 0.7496353303690214, 1.4858920280403867, 1.4858920280403938, 1.5810199845391806, 1.5810199845391228, 1.5834190200928235, 1.5834190200928555, 1.5835311977466364, 1.5835311977468576, 1.58353119714461, 1.5835311971446924, 1.5834190189313702, 1.5834190189311248, 1.5810199837828323, 1.5810199837824834, 1.4858920276251966, 1.4858920276251897, 0.7496353302747505, 0.7496353302747504]
20  0.3  200  -196.44975195678583  [1.2109859300164003, 1.2109859300164003, 1.9754712945713675, 1.975471294571367, 2.0199817830324256, 2.019981783032426, 2.02038601892852, 2.02038601892852, 2.0203932060018626, 2.020393206001862, 2.020393205999916, 2.0203932059999166, 2.020386018913169, 2.020386018913169, 2.0199817828374638, 2.0199817828374638, 1.975471294312009, 1.9754712943120092, 1.2109859299029841, 1.2109859299029841]
20  0.2  200  -448.340780090589  [1.4383796343096784, 1.4383796343096784, 2.193108152178845, 2.193108152178845, 2.2032259702158505, 2.2032259702158505, 2.203244935460518, 2.203244935460518, 2.2032450066081197, 2.2032450066081197, 2.2032450051057557, 2.2032450051057553, 2.2032449336586386, 2.2032449336586373, 2.2032259691714735, 2.203225969171452, 2.1931081512454123, 2.1931081512454123, 1.4383796342551982, 1.4383796342551984]
20  0.1  200  -1799.580327116757  [1.4960796539567, 1.4960796539567, 2.2464047318730955, 2.2464047318730955, 2.2470575198419596, 2.2470575198419596, 2.2470575970599826, 2.2470575970599826, 2.24705759707839, 2.2470575970783897, 2.24705759707831, 2.24705759707831, 2.2470575970599196, 2.24705759705992, 2.247057519841949, 2.247057519841949, 2.2464047318727163, 2.2464047318727163, 1.496079653956697, 1.4960796539566967]
20  0.05  200  -7199.895005845045  [1.4997547055605063, 1.4997547055605063, 2.249775140353902, 2.249775140353902, 2.249816020316081, 2.2498160203160813, 2.2498160206184803, 2.2498160206184807, 2.249816020618474, 2.249816020618473, 2.249816020618489, 2.249816020618489, 2.249816020618471, 2.249816020618471, 2.249816020316053, 2.249816020316053, 2.249775140353909, 2.249775140353909, 1.4997547055605198, 1.4997547055605198]
20  0.01  200  -179999.99581836286  [1.4999996073693058, 1.4999996073693054, 2.2499996400042157, 2.2499996400042157, 2.2499997053554637, 2.2499997053554637, 2.24999970535546, 2.24999970535546, 2.2499997053554637, 2.2499997053554637, 2.2499997053554743, 2.2499997053554743, 2.2499997053554712, 2.2499997053554712, 2.2499997053554455, 2.2499997053554455, 2.2499996400041837, 2.2499996400041833, 1.4999996073692854, 1.4999996073692852]
