24  3.0  200  -306.0037839349389  [-0.9999904151948054, -0.9999904151948054, -1.499980830419377, -1.499980830419377, -1.499980830401207, -1.499980830401207, -1.4999808304012072, -1.4999808304012072, -1.4999808304012077, -1.4999808304012074, -1.4999808304012072, -1.4999808304012072, -1.4999808304012077, -1.4999808304012077, -1.4999808304012074, -1.4999808304012074, -1.4999808304012077, -1.4999808304012074, -1.4999808304012077, -1.4999808304012077, -1.499980830419377, -1.4999808304193771, -0.9999904151948048, -0.9999904151948048]
24  2.0  200  -136.04364123390397  [-0.9997482081732648, -0.9997482081732648, -1.4994964368665014, -1.4994964368665014, -1.4994964243240922, -1.4994964243240922, -1.4994964243224491, -1.4994964243224491, -1.4994964243224431, -1.4994964243224431, -1.49949642432244, -1.4994964243224405, -1.499496424322477, -1.499496424322477, -1.4994964243224849, -1.4994964243224849, -1.4994964243224527, -1.4994964243224527, -1.4994964243237325, -1.4994964243237325, -1.4994964368653945, -1.4994964368653947, -0.9997482081724105, -0.9997482081724105]
24  1.5  200  -76.75337319076468  [-0.9973198020420937, -0.9973198020420937, -1.4946419207689576, -1.4946419207689576, -1.494640503162834, -1.4946405031628305, -1.494640501360729, -1.494640501360726, -1.4946405013583828, -1.4946405013583828, -1.494640501358103, -1.494640501358103, -1.4946405013590076, -1.4946405013590098, -1.494640501358004, -1.4946405013580037, -1.4946405013612185, -1.494640501361216, -1.4946405031631678, -1.4946405031631678, -1.4946419207709416, -1.4946419207709414, -0.9973198020420936, -0.9973198020420936]
24  1.0  200  -37.35990748988914  [-0.91346111278539, -0.91346111278539, -1.329359850301007, -1.3293598503041024, -1.3282630146772476, -1.3282630146782932, -1.3282203201968248, -1.3282203201931397, -1.328218900308387, -1.328218900304622, -1.328218852035286, -1.3282188520318328, -1.3282188520308305, -1.3282188520316387, -1.3282189003086522, -1.3282189003059723, -1.32822032019893, -1.3282203201935037, -1.3282630146849521, -1.3282630146811134, -1.3293598503052753, -1.3293598503020627, -0.9134611127826239, -0.9134611127826239]
24  0.9  200  -34.10735485395595  [-0.8051526507918814, -0.8051526507918814, -1.1225526231548804, -1.1225526231550984, -1.1190753987206614, -1.1190753987255524, -1.1187985087191392, -1.1187985087274925, -1.1187827304141158, -1.1187827304212634, -1.118781763419349, -1.1187817634263988, -1.1187817634383093, -1.118781763445369, -1.1187827305513283, -1.1187827305585534, -1.1187985086654357, -1.1187985086728682, -1.1190753983198154, -1.1190753983277333, -1.122552622740752, -1.1225526227449902, -0.8051526505437584, -0.8051526505437584]
24  0.8  200  -34.591751179472624  [-0.6235432948278262, -0.6235432948278262, -0.7859667448578033, -0.7859667448577984, -0.780201493531666, -0.7802014935307585, -0.7793906512260995, -0.7793906512245852, -0.7793428964222179, -0.7793428964211176, -0.7793388874216363, -0.7793388874207744, -0.7793388870383965, -0.7793388870376362, -0.7793428961682765, -0.7793428961674207, -0.7793906502941461, -0.7793906502939112, -0.7802014907020861, -0.7802014907022181, -0.7859667423457452, -0.7859667423456477, -0.6235432939000708, -0.6235432939000708]
24  0.7  200  -40.33960465408807  [-0.41453872070232034, -0.41453872070232034, -0.38120181853408636, -0.38120181853402774, -0.36640996909207046, -0.3664099690920858, -0.3647807396720527, -0.3647807396721459, -0.3647000553130969, -0.3647000553131946, -0.36469289064409294, -0.3646928906442547, -0.36469289063247484, -0.3646928906326452, -0.36470005522589083, -0.364700055226121, -0.3647807394668487, -0.36478073946704914, -0.3664099688235881, -0.3664099688236572, -0.3812018181804608, -0.3812018181804723, -0.4145387204186727, -0.4145387204186727]
24  0.6  200  -53.70218704912976  [-0.16799540204369812, -0.16799540204369803, 0.12504393650793058, 0.12504393650794723, 0.17749848351598935, 0.1774984835159671, 0.18093623118504332, 0.180936231185032, 0.1811929871459508, 0.18119298714603685, 0.18121057152635325, 0.18121057152646985, 0.1812105713117833, 0.18121057131189827, 0.18119298687081906, 0.1811929868709162, 0.1809362310580292, 0.18093623105823223, 0.17749848369571686, 0.17749848369584503, 0.1250439368634232, 0.12504393686340676, -0.167995401965714, -0.167995401965714]
24  0.5  200  -79.89625712705401  [0.2165866924449252, 0.2165866924449252, 0.7895937419319223, 0.789593741931947, 0.890972294502046, 0.8909722945017182, 0.8956665656622217, 0.8956665656614468, 0.8960255828677647, 0.8960255828676327, 0.896045488005365, 0.8960454880052174, 0.8960454880031706, 0.8960454880015789, 0.8960255827843662, 0.8960255827832575, 0.8956665657281018, 0.8956665657305415, 0.8909722948686619, 0.8909722948719415, 0.7895937422905362, 0.7895937422911636, 0.2165866926375043, 0.2165866926375043]
24  0.4  200  -130.75542857076013  [0.7496353303887071, 0.7496353303887071, 1.4858920279002366, 1.4858920279002474, 1.5810199843697026, 1.581019984369636, 1.583419025216568, 1.5834190252165352, 1.5835313480606272, 1.5835313480606625, 1.5835349873989149, 1.5835349873991214, 1.5835349874875857, 1.5835349874877558, 1.5835313466265137, 1.5835313466263943, 1.58341902358943, 1.5834190235891619, 1.5810199840821324, 1.5810199840819585, 1.4858920275516585, 1.4858920275516514, 0.7496353301428623, 0.7496353301428623]
24  0.3  200  -240.1260554406148  [1.210985930019038, 1.2109859300190386, 1.9754712945639963, 1.9754712945639952, 2.0199817830401896, 2.0199817830401887, 2.0203860189623897, 2.0203860189623897, 2.0203932073125204, 2.020393207312521, 2.0203932942044522, 2.0203932942044522, 2.020393294204923, 2.020393294204923, 2.020393207311155, 2.020393207311155, 2.0203860189117298, 2.0203860189117298, 2.0199817828360227, 2.0199817828360227, 1.9754712941386625, 1.9754712941386627, 1.2109859295882301, 1.2109859295882301]
24  0.2  200  -547.9845297028512  [1.438379634309677, 1.438379634309677, 2.1931081521838838, 2.1931081521838838, 2.2032259701079178, 2.2032259701079178, 2.2032449341996987, 2.2032449341996987, 2.2032450051133425, 2.2032450051133425, 2.2032450050613543, 2.203245005061351, 2.203245006448723, 2.203245006448723, 2.2032450051935637, 2.2032450051935637, 2.203244933550145, 2.2032449335501454, 2.2032259687939924, 2.203225968793988, 2.1931081511487447, 2.1931081511487447, 1.4383796342731474, 1.4383796342731474]
24  0.1  200  -2199.490386019709  [1.496079653956685, 1.496079653956685, 2.2464047318730707, 2.2464047318730707, 2.247057519841905, 2.247057519841905, 2.2470575970599587, 2.2470575970599587, 2.2470575970783817, 2.2470575970783817, 2.2470575970784283, 2.2470575970784283, 2.247057597078338, 2.2470575970783377, 2.2470575970783555, 2.247057597078355, 2.2470575970599675, 2.2470575970599675, 2.2470575198421496, 2.247057519842149, 2.2464047318728086, 2.2464047318728086, 1.496079653956704, 1.4960796539567038]
24  0.05  200  -8799.872506948559  [1.4997547055604878, 1.4997547055604878, 2.249775140353904, 2.249775140353904, 2.249816020316071, 2.249816020316071, 2.2498160206184736, 2.2498160206184736, 2.2498160206184585, 2.2498160206184585, 2.249816020618487, 2.249816020618487, 2.2498160206185105, 2.249816020618511, 2.2498160206184705, 2.2498160206184705, 2.2498160206184594, 2.2498160206184594, 2.249816020316085, 2.2498160203160844, 2.249775140353937, 2.249775140353937, 1.4997547055605394, 1.4997547055605394]
24  0.01  200  -219999.99492295375  [1.4999996073692767, 1.499999607369277, 2.2499996400042406, 2.2499996400042397, 2.2499997053554988, 2.249999705355498, 2.2499997053554655, 2.2499997053554655, 2.2499997053554734, 2.2499997053554734, 2.2499997053554885, 2.2499997053554885, 2.2499997053554717, 2.2499997053554717, 2.2499997053554495, 2.2499997053554495, 2.2499997053554486, 2.249999705355448, 2.2499997053554432, 2.2499997053554432, 2.249999640004191, 2.249999640004191, 1.4999996073692874, 1.4999996073692874]
