16  3.0  200  -198.00240795854359  [-0.9999904151948042, -0.9999904151948042, -1.499980830419376, -1.499980830419376, -1.4999808304012068, -1.4999808304012068, -1.4999808304012068, -1.4999808304012068, -1.4999808304012066, -1.4999808304012068, -1.4999808304012068, -1.4999808304012068, -1.499980830419376, -1.4999808304193762, -0.9999904151948041, -0.9999904151948041]
16  2.0  200  -88.0277716779655  [-0.999748208173267, -0.999748208173267, -1.4994964368665025, -1.4994964368665025, -1.4994964243241007, -1.499496424324101, -1.4994964243224738, -1.4994964243224735, -1.499496424322496, -1.499496424322496, -1.4994964243237887, -1.4994964243237887, -1.4994964368654493, -1.4994964368654495, -0.9997482081724441, -0.9997482081724441]
16  1.5  200  -49.66123646974787  [-0.9973198020421081, -0.9973198020421081, -1.494641920768961, -1.4946419207689612, -1.4946405031628685, -1.4946405031628651, -1.494640501360622, -1.4946405013606192, -1.4946405013601123, -1.4946405013601125, -1.494640503164116, -1.4946405031641121, -1.4946419207708237, -1.4946419207708237, -0.9973198020420909, -0.9973198020420909]
16  1.0  200  -24.13779514259452  [-0.913461112788428, -0.913461112788428, -1.3293598503597348, -1.3293598503605049, -1.3282630163763718, -1.328263016378118, -1.328220370230934, -1.328220370225373, -1.3282203702286843, -1.328220370220347, -1.3282630163837876, -1.328263016380036, -1.3293598503646558, -1.3293598503628554, -0.9134611127844766, -0.9134611127844766]
16  0.9  200  -21.998501448997256  [-0.8051526510242013, -0.8051526510242013, -1.1225526269570156, -1.1225526269572332, -1.1190754613584468, -1.1190754613633258, -1.1187995420566883, -1.118799542065122, -1.1187995418660253, -1.1187995418734762, -1.1190754609876576, -1.1190754609955678, -1.1225526265480057, -1.1225526265522434, -0.8051526507771118, -0.8051526507771118]
16  0.8  200  -22.246684197983818  [-0.6235432968529968, -0.6235432968529968, -0.7859667699235706, -0.7859667699235656, -0.7802018165414818, -0.7802018165405796, -0.7793950061953878, -0.7793950061939026, -0.7793950050771133, -0.779395005076587, -0.7802018139143487, -0.7802018139143025, -0.7859667674179702, -0.7859667674178716, -0.6235432957128161, -0.6235432957128161]
16  0.7  200  -25.85439979345518  [-0.41453872332969816, -0.41453872332969816, -0.38120185642468757, -0.38120185642462934, -0.3664104542690201, -0.3664104542690397, -0.3647884245944146, -0.36478842459457117, -0.36478842447608734, -0.3647884244762189, -0.36641045401284633, -0.36641045401291045, -0.3812018560721706, -0.38120185607218166, -0.41453872304618605, -0.41453872304618605]
16  0.6  200  -34.3000707229637  [-0.16799540872353272, -0.16799540872353272, 0.12504383903641617, 0.1250438390364333, 0.1774970923474913, 0.1774970923474697, 0.18091716550519077, 0.1809171655051644, 0.18091716565815885, 0.18091716565829336, 0.17749709276634196, 0.17749709276636247, 0.1250438393137033, 0.12504383931367172, -0.1679954087297833, -0.1679954087297833]
16  0.5  200  -50.89059225521271  [0.21658668614689042, 0.21658668614689036, 0.7895936545439445, 0.7895936545439374, 0.8909708546170909, 0.890970854617331, 0.8956451401722818, 0.8956451401726171, 0.8956451402452825, 0.8956451402430086, 0.8909708549529497, 0.8909708549499031, 0.789593654952975, 0.7895936549522378, 0.21658668640608802, 0.21658668640608802]
16  0.4  200  -83.19052227786578  [0.7496353300772403, 0.7496353300772403, 1.4858920226019172, 1.4858920226019237, 1.5810198338093833, 1.581019833809313, 1.5834152287028689, 1.5834152287030323, 1.5834152284421033, 1.5834152284420733, 1.5810198316951112, 1.5810198316947024, 1.485892021458004, 1.485892021457999, 0.7496353300211365, 0.7496353300211366]
16  0.3  200  -152.7734484729578  [1.2109859300174617, 1.2109859300174612, 1.9754712945522654, 1.9754712945522659, 2.019981781724059, 2.019981781724059, 2.0203859307313516, 2.020385930731352, 2.020385930744431, 2.02038593074443, 2.0199817816366856, 2.0199817816366856, 1.9754712943552004, 1.9754712943552002, 1.2109859298856473, 1.2109859298856473]
16  0.2  200  -348.6970304784392  [1.4383796343096704, 1.4383796343096704, 2.1931081521781333, 2.1931081521781337, 2.20322597022453, 2.20322597022453, 2.2032449339859133, 2.203244933985913, 2.2032449333712902, 2.2032449333712902, 2.2032259700885137, 2.203225970088514, 2.193108151915514, 2.193108151915514, 1.4383796343103494, 1.4383796343103494]
16  0.1  200  -1399.6702682138036  [1.4960796539567023, 1.4960796539567025, 2.2464047318730875, 2.2464047318730875, 2.2470575198419347, 2.2470575198419347, 2.2470575970600444, 2.2470575970600444, 2.2470575970599467, 2.2470575970599467, 2.247057519842023, 2.2470575198420235, 2.2464047318726954, 2.246404731872696, 1.4960796539567083, 1.4960796539567083]
16  0.05  200  -5599.91750474152  [1.4997547055605343, 1.4997547055605343, 2.249775140353929, 2.249775140353929, 2.2498160203160698, 2.2498160203160698, 2.249816020618479, 2.249816020618479, 2.2498160206184754, 2.249816020618475, 2.2498160203160653, 2.249816020316066, 2.2497751403539192, 2.2497751403539192, 1.4997547055605145, 1.4997547055605145]
16  0.01  200  -139999.99671377218  [1.499999607369281, 1.499999607369281, 2.2499996400041935, 2.249999640004194, 2.2499997053554597, 2.2499997053554597, 2.2499997053554703, 2.2499997053554703, 2.2499997053554734, 2.2499997053554734, 2.2499997053554726, 2.2499997053554726, 2.2499996400042117, 2.249999640004212, 1.4999996073692894, 1.4999996073692892]
