18  3.0  200  -225.00275195264177  [-0.9999904151948026, -0.9999904151948026, -1.4999808304193738, -1.4999808304193738, -1.4999808304012046, -1.4999808304012046, -1.499980830401205, -1.499980830401205, -1.4999808304012048, -1.4999808304012046, -1.4999808304012046, -1.4999808304012043, -1.4999808304012048, -1.4999808304012046, -1.4999808304193738, -1.4999808304193736, -0.9999904151948024, -0.9999904151948024]
18  2.0  200  -100.03173906695041  [-0.9997482081732674, -0.9997482081732674, -1.4994964368665156, -1.4994964368665158, -1.499496424324119, -1.499496424324119, -1.4994964243225082, -1.4994964243225082, -1.4994964243225188, -1.4994964243225188, -1.4994964243224962, -1.4994964243224964, -1.4994964243237798, -1.49949642432378, -1.4994964368654442, -1.4994964368654442, -0.9997482081724314, -0.9997482081724314]
18  1.5  200  -56.43427065000209  [-0.9973198020421096, -0.9973198020421096, -1.4946419207690087, -1.494641920769009, -1.4946405031637493, -1.4946405031637455, -1.4946405013601565, -1.4946405013601565, -1.494640501358808, -1.494640501358805, -1.4946405013600144, -1.4946405013600144, -1.4946405031642231, -1.4946405031642218, -1.4946419207709054, -1.4946419207709056, -0.9973198020420831, -0.9973198020420831]
18  1.0  200  -27.44332322941657  [-0.9134611127864536, -0.9134611127864536, -1.3293598503041528, -1.3293598503061717, -1.3282630147376573, -1.3282630147347407, -1.328220321899384, -1.3282203218927506, -1.328218950334787, -1.3282189503340747, -1.3282203218956765, -1.328220321897074, -1.3282630147436214, -1.3282630147411614, -1.3293598503094173, -1.3293598503068376, -0.9134611127824629, -0.9134611127824629]
18  0.9  200  -25.025714800220946  [-0.805152650808623, -0.805152650808623, -1.1225526234538203, -1.1225526234540444, -1.1190754025615133, -1.1190754025660097, -1.1187985714623332, -1.118798571472713, -1.1187837634857072, -1.1187837634967666, -1.118798571016193, -1.1187985710236161, -1.1190754021086364, -1.1190754021142513, -1.1225526229313125, -1.1225526229344525, -0.8051526504235147, -0.8051526504235147]
18  0.8  200  -25.33295094319973  [-0.6235432949843055, -0.6235432949843055, -0.7859667467809837, -0.7859667467809801, -0.7802015187951904, -0.780201518794284, -0.7793909742519685, -0.7793909742504541, -0.7793472495699401, -0.7793472495688271, -0.77939097281614, -0.779390972815696, -0.7802015160882309, -0.7802015160881854, -0.7859667442425913, -0.7859667442424876, -0.6235432938444652, -0.6235432938444652]
18  0.7  200  -29.475701008294767  [-0.4145387209029673, -0.41453872090296734, -0.3812018211327684, -0.3812018211327098, -0.3664100071649605, -0.3664100071649765, -0.36478122452470046, -0.3647812245247979, -0.3647077378169028, -0.36470773781706445, -0.3647812243321674, -0.36478122433236276, -0.366410006897332, -0.3664100068974005, -0.38120182077897113, -0.38120182077898257, -0.4145387206193632, -0.4145387206193632]
18  0.6  200  -39.150599803434034  [-0.16799540252499248, -0.16799540252499248, 0.1250439294793918, 0.12504392947940837, 0.1774983856807927, 0.17749838568076967, 0.180934840666187, 0.18093484066617307, 0.18117392794273224, 0.18117392794279935, 0.18093484077122818, 0.1809348407714216, 0.17749838601496484, 0.1774983860150912, 0.1250439299774801, 0.12504392997746397, -0.16799540243943809, -0.16799540243943809]
18  0.5  200  -58.14200847221495  [0.2165866920562725, 0.21658669205627257, 0.789593736309702, 0.7895937363096737, 0.8909722079188646, 0.8909722079188522, 0.8956651273106179, 0.8956651273106433, 0.8960041635359068, 0.8960041635357526, 0.8956651272730464, 0.895665127270784, 0.8909722082453639, 0.8909722082424121, 0.789593736698893, 0.7895937366981693, 0.21658669229957755, 0.21658669229957755]
18  0.4  200  -95.08174885103135  [0.7496353303665326, 0.7496353303665326, 1.4858920277817895, 1.4858920277817964, 1.5810199792664068, 1.5810199792662107, 1.5834188746498212, 1.5834188746495275, 1.5835275525434769, 1.5835275525431525, 1.5834188741214887, 1.5834188741211828, 1.5810199786202417, 1.5810199786199914, 1.485892027472576, 1.485892027472579, 0.7496353301781697, 0.7496353301781695]
18  0.3  200  -174.61160021487157  [1.2109859300191825, 1.2109859300191825, 1.9754712945641715, 1.9754712945641706, 2.0199817830225064, 2.0199817830225073, 2.0203860176507358, 2.0203860176507358, 2.0203931190926125, 2.0203931190926125, 2.0203860176410426, 2.020386017641042, 2.019981782851662, 2.019981782851662, 1.9754712943368746, 1.9754712943368742, 1.2109859299038883, 1.2109859299038883]
18  0.2  200  -398.5189052845975  [1.4383796343096855, 1.4383796343096855, 2.193108152182754, 2.193108152182754, 2.2032259687418554, 2.2032259687418545, 2.2032449336493625, 2.203244933649363, 2.20324500585158, 2.2032450058515805, 2.203244934257282, 2.2032449342572815, 2.2032259695596847, 2.2032259695596843, 2.1931081512539743, 2.1931081512539747, 1.4383796342458803, 1.4383796342458803]
18  0.1  200  -1599.6252976652831  [1.4960796539566927, 1.4960796539566927, 2.2464047318730915, 2.2464047318730915, 2.247057519841946, 2.2470575198419462, 2.247057597060099, 2.247057597060099, 2.2470575970784408, 2.2470575970784408, 2.247057597060113, 2.247057597060113, 2.2470575198419245, 2.2470575198419245, 2.2464047318725857, 2.2464047318725857, 1.4960796539566947, 1.4960796539566945]
18  0.05  200  -6399.906255293273  [1.4997547055605094, 1.4997547055605094, 2.2497751403539175, 2.2497751403539175, 2.249816020316066, 2.2498160203160653, 2.2498160206184705, 2.2498160206184705, 2.249816020618474, 2.2498160206184736, 2.249816020618476, 2.249816020618476, 2.2498160203160786, 2.249816020316078, 2.249775140353927, 2.2497751403539263, 1.4997547055605187, 1.4997547055605185]
18  0.01  200  -159999.99626606752  [1.4999996073692907, 1.4999996073692903, 2.2499996400041886, 2.2499996400041886, 2.2499997053554517, 2.2499997053554517, 2.249999705355469, 2.249999705355469, 2.2499997053554592, 2.2499997053554592, 2.249999705355461, 2.249999705355461, 2.2499997053554566, 2.249999705355457, 2.249999640004183, 2.249999640004183, 1.4999996073692559, 1.4999996073692559]
