8  3.0  200  -90.0010319821485  [-0.9999904151948045, -0.9999904151948045, -1.4999808304193767, -1.4999808304193767, -1.4999808304193767, -1.4999808304193767, -0.9999904151948045, -0.9999904151948045]
8  2.0  200  -40.01190212202674  [-0.999748208173263, -0.999748208173263, -1.499496436867798, -1.499496436867798, -1.4994964368670387, -1.4994964368670387, -0.9997482081724097, -0.9997482081724097]
8  1.5  200  -22.5690997487319  [-0.9973198020442416, -0.9973198020442416, -1.4946419225736, -1.4946419225736, -1.4946419225764545, -1.4946419225764545, -0.9973198020441688, -0.9973198020441688]
8  1.0  200  -10.915682855439272  [-0.913462566073667, -0.913462566073667, -1.3294039614153808, -1.3294039614153808, -1.3294039614153987, -1.329403961415399, -0.9134625660736426, -0.9134625660736426]
8  0.9  200  -9.889649293709496  [-0.8051694794959281, -0.8051694794959281, -1.1228454673676922, -1.1228454673676922, -1.1228454673693387, -1.1228454673693384, -0.8051694794941092, -0.8051694794941092]
8  0.8  200  -9.90162438899739  [-0.6235972737326714, -0.6235972737326714, -0.7868272988994951, -0.7868272988994953, -0.7868272988997239, -0.7868272988997239, -0.6235972737330197, -0.6235972737330197]
8  0.7  200  -11.36921757207871  [-0.4146213165247646, -0.4146213165247646, -0.3829139499772711, -0.38291394997727185, -0.3829139499909877, -0.38291394999098854, -0.4146213165472734, -0.4146213165472734]
8  0.6  200  -14.898027940141063  [-0.16824974281602054, -0.16824974281602054, 0.1213338684381589, 0.12133386843815896, 0.1213338684381621, 0.12133386843816207, -0.16824974281601765, -0.16824974281601765]
8  0.5  200  -21.885029290679554  [0.21615658143697516, 0.21615658143697514, 0.7844424454089067, 0.7844424454089068, 0.7844424454089063, 0.7844424454089063, 0.21615658143697547, 0.21615658143697553]
8  0.4  200  -35.62564384946495  [0.7494615111414675, 0.7494615111414675, 1.4833127042608192, 1.4833127042608192, 1.483312704260821, 1.483312704260821, 0.7494615111414712, 0.7494615111414712]
8  0.3  200  -65.42084269701029  [1.2109727375867492, 1.2109727375867492, 1.9750536858626795, 1.97505368586268, 1.975053685674108, 1.975053685674108, 1.2109727372261605, 1.2109727372261603]
8  0.2  200  -149.40953125973846  [1.4383794944456934, 1.4383794944456934, 2.193089047126173, 2.1930890471261724, 2.193089046173341, 2.193089046173341, 1.438379494393144, 1.4383794943931438]
8  0.1  200  -599.8501504078994  [1.4960796539199768, 1.4960796539199768, 2.246404654618342, 2.246404654618342, 2.2464046546177094, 2.2464046546177094, 1.4960796539199872, 1.4960796539199872]
8  0.05  200  -2399.962502534443  [1.49975470556052, 1.49975470556052, 2.2497751400515043, 2.2497751400515043, 2.2497751400515034, 2.2497751400515034, 1.4997547055605187, 1.4997547055605187]
8  0.01  200  -59999.99850459081  [1.4999996073692707, 1.4999996073692707, 2.249999640004191, 2.249999640004191, 2.249999640004195, 2.2499996400041953, 1.4999996073692758, 1.4999996073692756]
