8  3.0  100  -63.00128429507438  -45.12426573318028  [-0.9999816404386698, -0.49999448588184897, -1.4999632813653108, -0.49998897190637465, -1.4999632817314006, -0.4999889719264007, -0.9999816408426058, -0.49999448593972134]  [-0.5827720583605775, -0.499980693693029, -0.5406917623804348, -0.882090352608319, -0.535053144734449, -0.8957383203845806, -0.5634852481346126, -0.49998046637153404]
8  2.0  100  -28.014856913451577  -20.30073682315981  [-0.9995145693788814, -0.4998544522966982, -1.4990290666277606, -0.4997092632352107, -1.4990290276389235, -0.49970925596054405, -0.9995145303769384, -0.49985444500892545]  [-0.5113846553854822, -0.4995114756882446, -0.5484725358518021, -0.9400429487831303, -0.5464561641218584, -0.9417531219416007, -0.5076565149593786, -0.499509880175391]
8  1.5  100  -15.836988817947676  -11.860863045230687  [-0.9947279281503857, -0.49843122715654736, -1.489447607595209, -0.49690600878382984, -1.4894476045812173, -0.49690600594883777, -0.9947279261563061, -0.49843122534163065]  [-0.48761063660867987, -0.49547924687176204, -0.5466482143857789, -0.94767885054884, -0.5460136048972553, -0.9490108256854728, -0.48564591494712583, -0.4954811088753678]
8  1.0  100  -8.211780398261157  -6.89551803672166  [-0.8011136772180811, -0.44830357060356907, -1.1175988833796247, -0.4487481159564815, -1.1176026220839617, -0.44874814559104526, -0.8011190657380638, -0.44830525005420874]  [-0.4376025480372075, -0.44462092087197336, -0.6404347754952944, -0.8810087501425441, -0.6404375252754422, -0.8810023094346372, -0.43761163867841707, -0.4446208209604971]
8  3.0  100  -63.00128429507438  -45.12426573318028  [-0.9999816404386698, -0.49999448588184897, -1.4999632813653108, -0.49998897190637465, -1.4999632817314006, -0.4999889719264007, -0.9999816408426058, -0.49999448593972134]  [-0.5827720583605775, -0.499980693693029, -0.5406917623804348, -0.882090352608319, -0.535053144734449, -0.8957383203845806, -0.5634852481346126, -0.49998046637153404]
8  0.9  100  -7.964186538507175  -6.467815489705539  [-0.6227568961562122, -0.3957579630668819, -0.8149489992274593, -0.429533852110973, -0.8149497386131367, -0.42953302365585944, -0.6227581462654307, -0.39575764533218305]  [-0.45268879381033955, -0.41229411931538607, -0.7290546644770222, -0.7873406440821265, -0.7290797440425694, -0.7874648102465641, -0.452605980120154, -0.41231039183630314]
8  2.0  100  -28.014856913451577  -20.30073682315981  [-0.9995145693788814, -0.4998544522966982, -1.4990290666277606, -0.4997092632352107, -1.4990290276389235, -0.49970925596054405, -0.9995145303769384, -0.49985444500892545]  [-0.5113846553854822, -0.4995114756882446, -0.5484725358518021, -0.9400429487831303, -0.5464561641218584, -0.9417531219416007, -0.5076565149593786, -0.499509880175391]
8  0.8  100  -8.551174425396754  -6.437198359640402  [-0.4597851354413568, -0.3120387288028862, -0.5488297550313215, -0.32950059078996563, -0.5488297616725994, -0.3295005991314362, -0.4597851408889798, -0.31203873595070186]  [-0.41007994639544143, -0.34619434653358694, -0.6820611809091917, -0.6500437171388835, -0.6820721670235459, -0.6500610966619846, -0.4100792672919024, -0.34620006077538246]
8  1.5  100  -15.836988817947676  -11.860863045230687  [-0.9947279281503857, -0.49843122715654736, -1.489447607595209, -0.49690600878382984, -1.4894476045812173, -0.49690600594883777, -0.9947279261563061, -0.49843122534163065]  [-0.48761063660867987, -0.49547924687176204, -0.5466482143857789, -0.94767885054884, -0.5460136048972553, -0.9490108256854728, -0.48564591494712583, -0.4954811088753678]
8  0.7  100  -10.296365548474078  -7.1546301768750995  [-0.29075316271357443, -0.1555399743293433, -0.22637336754724846, -0.04574406665219736, -0.2263732116830161, -0.045743851280185766, -0.2907533341408049, -0.1555400862487627]  [-0.2952657034240672, -0.20737588667412316, -0.48795737510826537, -0.4148388244340815, -0.48841590095175325, -0.41544973204772856, -0.29531668142730216, -0.20757924632558145]
8  1.0  100  -8.211780398261157  -6.89551803672166  [-0.8011136772180811, -0.44830357060356907, -1.1175988833796247, -0.4487481159564815, -1.1176026220839617, -0.44874814559104526, -0.8011190657380638, -0.44830525005420874]  [-0.4376025480372075, -0.44462092087197336, -0.6404347754952944, -0.8810087501425441, -0.6404375252754422, -0.8810023094346372, -0.43761163867841707, -0.4446208209604971]
8  0.6  100  -14.015515190427237  -9.223598811001509  [-0.013105850817936564, 0.15984892247099014, 0.33194053383729943, 0.5418277038569537, 0.3319403158835341, 0.5418279085016058, -0.013106683035614818, 0.15984851285180582]  [-0.06251280796824348, 0.08691883674006759, -0.08907062181834771, 0.057584491328525084, -0.08944134391934583, 0.057129646112987376, -0.06261392941333871, 0.08673359290393295]
8  0.9  100  -7.964186538507175  -6.467815489705539  [-0.6227568961562122, -0.3957579630668819, -0.8149489992274593, -0.429533852110973, -0.8149497386131367, -0.42953302365585944, -0.6227581462654307, -0.39575764533218305]  [-0.45268879381033955, -0.41229411931538607, -0.7290546644770222, -0.7873406440821265, -0.7290797440425694, -0.7874648102465641, -0.452605980120154, -0.41231039183630314]
8  0.5  100  -21.322263172299294  -13.816684967789401  [0.4509055481361067, 0.6426114687352421, 1.0960190333209034, 1.3095278509113868, 1.0960188861080888, 1.309527965212843, 0.45090489283529916, 0.6426110749491143]  [0.3346846248399435, 0.6216220532856508, 0.49041392038979537, 0.8941473777371888, 0.4893389896391521, 0.8935073115973188, 0.33420989844419235, 0.6215822126136693]
8  0.8  100  -8.551174425396754  -6.437198359640402  [-0.4597851354413568, -0.3120387288028862, -0.5488297550313215, -0.32950059078996563, -0.5488297616725994, -0.3295005991314362, -0.4597851408889798, -0.31203873595070186]  [-0.41007994639544143, -0.34619434653358694, -0.6820611809091917, -0.6500437171388835, -0.6820721670235459, -0.6500610966619846, -0.4100792672919024, -0.34620006077538246]
8  0.7  100  -10.296365548474078  -7.1546301768750995  [-0.29075316271357443, -0.1555399743293433, -0.22637336754724846, -0.04574406665219736, -0.2263732116830161, -0.045743851280185766, -0.2907533341408049, -0.1555400862487627]  [-0.2952657034240672, -0.20737588667412316, -0.48795737510826537, -0.4148388244340815, -0.48841590095175325, -0.41544973204772856, -0.29531668142730216, -0.20757924632558145]
8  0.4  100  -35.40304083553042  -23.191419561666144  [0.9619815272982399, 1.0933068437832056, 1.7297631117097334, 1.8674517198274985, 1.7297631174830652, 1.8674517282460232, 0.9619815334083666, 1.0933068525385254]  [0.6990619179258926, 1.244864280815188, 0.8582707158446501, 1.9255257330693354, 0.8588695865621058, 1.9254907505717245, 0.6994969665633105, 1.2446654605660101]
8  0.6  100  -14.015515190427237  -9.223598811001509  [-0.013105850817936564, 0.15984892247099014, 0.33194053383729943, 0.5418277038569537, 0.3319403158835341, 0.5418279085016058, -0.013106683035614818, 0.15984851285180582]  [-0.06251280796824348, 0.08691883674006759, -0.08907062181834771, 0.057584491328525084, -0.08944134391934583, 0.057129646112987376, -0.06261392941333871, 0.08673359290393295]
8  0.5  100  -21.322263172299294  -13.816684967789401  [0.4509055481361067, 0.6426114687352421, 1.0960190333209034, 1.3095278509113868, 1.0960188861080888, 1.309527965212843, 0.45090489283529916, 0.6426110749491143]  [0.3346846248399435, 0.6216220532856508, 0.49041392038979537, 0.8941473777371888, 0.4893389896391521, 0.8935073115973188, 0.33420989844419235, 0.6215822126136693]
8  0.3  100  -65.37238629668846  -43.31705338746724  [1.3100728779178148, 1.3630055850791738, 2.079291754496518, 2.133044617796264, 2.079291765771881, 2.133044609658093, 1.3100728896066984, 1.363005577354524]  [0.9099958903829249, 1.5894192439829034, 1.035557497334211, 2.4398399607578414, 1.0417588194877263, 2.4362628288784904, 0.9163471004288116, 1.5859919996759486]
8  0.2  100  -149.40494830426888  -99.48044011296707  [1.4609259014038056, 1.4723440932810816, 2.2155759631063954, 2.227196365452065, 2.215629631474788, 2.2273046011180906, 1.4608322474830324, 1.4723050066579635]  [1.0180037593908218, 1.7063097703453929, 1.1302503579720558, 2.576229730346647, 1.139123003755051, 2.5715576002910705, 1.027942430912883, 1.7027036436161627]
8  0.4  100  -35.40304083553042  -23.191419561666144  [0.9619815272982399, 1.0933068437832056, 1.7297631117097334, 1.8674517198274985, 1.7297631174830652, 1.8674517282460232, 0.9619815334083666, 1.0933068525385254]  [0.6990619179258926, 1.244864280815188, 0.8582707158446501, 1.9255257330693354, 0.8588695865621058, 1.9254907505717245, 0.6994969665633105, 1.2446654605660101]
8  0.1  100  -599.8500770118222  -399.868955457728  [1.4975348708306002, 1.4981516297445627, 2.2477951392617648, 2.2484120160277334, 2.247742611820661, 2.248470919700702, 1.4975348754132167, 1.4982630654413165]  [1.0431245099028297, 1.733470675944988, 1.1591603360409541, 2.6035950484476, 1.17427134656005, 2.5951705003385186, 1.060687685847314, 1.7274982917378296]
8  0.05  100  -2399.962501454626  -1599.9670993258185  [1.4998458666857437, 1.4998844283467796, 2.2498622148251024, 2.249900777004608, 2.2498587032244606, 2.2499042728454217, 1.4998458393206326, 1.499891408423118]  [0.9341177428179902, 1.7924280643039854, 1.0242317164587007, 2.6422053557535006, 1.3466418396163142, 2.5624400718593923, 1.200628999214559, 1.6567639136589012]
8  0.3  100  -65.37238629668846  -43.31705338746724  [1.3100728779178148, 1.3630055850791738, 2.079291754496518, 2.133044617796264, 2.079291765771881, 2.133044609658093, 1.3100728896066984, 1.363005577354524]  [0.9099958903829249, 1.5894192439829034, 1.035557497334211, 2.4398399607578414, 1.0417588194877263, 2.4362628288784904, 0.9163471004288116, 1.5859919996759486]
8  0.01  100  -59999.99850631217  -39999.99848825074  [1.4999997533422542, 1.4999998150301308, 2.249999779541789, 2.2499998412296818, 2.249999773835424, 2.249999846752398, 1.4999997533018143, 1.4999998262187728]  [0.8289905992494166, 1.8458071974862813, 0.8968313878729535, 2.683901816726399, 1.5424844518179628, 2.565002332771374, 1.3345182058264016, 1.586782264270917]
8  0.2  100  -149.40494830426888  -99.48044011296707  [1.4609259014038056, 1.4723440932810816, 2.2155759631063954, 2.227196365452065, 2.215629631474788, 2.2273046011180906, 1.4608322474830324, 1.4723050066579635]  [1.0180037593908218, 1.7063097703453929, 1.1302503579720558, 2.576229730346647, 1.139123003755051, 2.5715576002910705, 1.027942430912883, 1.7027036436161627]
8  0.1  100  -599.8500770118222  -399.868955457728  [1.4975348708306002, 1.4981516297445627, 2.2477951392617648, 2.2484120160277334, 2.247742611820661, 2.248470919700702, 1.4975348754132167, 1.4982630654413165]  [1.0431245099028297, 1.733470675944988, 1.1591603360409541, 2.6035950484476, 1.17427134656005, 2.5951705003385186, 1.060687685847314, 1.7274982917378296]
8  0.05  100  -2399.962501454626  -1599.9670993258185  [1.4998458666857437, 1.4998844283467796, 2.2498622148251024, 2.249900777004608, 2.2498587032244606, 2.2499042728454217, 1.4998458393206326, 1.499891408423118]  [0.9341177428179902, 1.7924280643039854, 1.0242317164587007, 2.6422053557535006, 1.3466418396163142, 2.5624400718593923, 1.200628999214559, 1.6567639136589012]
8  0.01  100  -59999.99850631217  -39999.99848825074  [1.4999997533422542, 1.4999998150301308, 2.249999779541789, 2.2499998412296818, 2.249999773835424, 2.249999846752398, 1.4999997533018143, 1.4999998262187728]  [0.8289905992494166, 1.8458071974862813, 0.8968313878729535, 2.683901816726399, 1.5424844518179628, 2.565002332771374, 1.3345182058264016, 1.586782264270917]
