12  3.0  100  -99.00214049020089  -72.00120017916828  [-0.9999816404611203, -0.4999944859669667, -1.4999632814356634, -0.4999889720855921, -1.4999632816647874, -0.49998897181429464, -1.4999632817623418, -0.4999889718054014, -1.4999632818444035, -0.4999889719547529, -0.9999816408988934, -0.4999944859716082]  [9.277770422254582e-39, -1.708375196705895e-34, -0.4999944858883782, -0.4999944858883782, -1.4999720569180455, -1.4999720569180457, -1.499972056604201, -1.499972056604201, -0.49999448563069293, -0.49999448563103993, -7.928127576110233e-32, -3.469818613916274e-13]
12  2.0  100  -44.02476251594734  -32.01387268613733  [-0.999514594981767, -0.4998544522051376, -1.499029138129448, -0.4997092503963241, -1.4990286722081516, -0.4997092234981676, -1.4990286217473723, -0.4997092340040532, -1.4990290246404836, -0.49970925521683474, -0.999514530343769, -0.4998544449099497]  [-1.8066267909676516e-7, -1.0842785243463385e-7, -0.4998544631613384, -0.49985439092645856, -1.4992625463857434, -1.4992625463857436, -1.4992626239777642, -1.49926262397771, -0.4998544710108717, -0.49985440722163793, -1.6245646112780662e-7, -9.866678492279794e-8]
12  1.5  100  -24.895050236994386  -18.081064365051045  [-0.9947278872942755, -0.49843122462774775, -1.489446201424577, -0.4969059651290096, -1.489389286843697, -0.4969033844388493, -1.4893892894000322, -0.4969033854370736, -1.489446200399706, -0.49690596371496043, -0.9947278848634975, -0.49843122336579154]  [-2.11896110469059e-5, -1.2854213544004691e-5, -0.49843508719178764, -0.49842675174986395, -1.4920307936970614, -1.4920307936535795, -1.492030796740313, -1.4920307967075577, -0.4984351007629604, -0.49842676339124337, -2.1193754315654896e-5, -1.2856416190879564e-5]
12  1.0  100  -13.085761026494323  -12.17436527487856  [-0.7831870913414032, -0.4473038295833245, -1.066373192476122, -0.46574898952179633, -1.0073978605215115, -0.49943356967379426, -1.0074254732477304, -0.49940205840512103, -1.0664448593968219, -0.4657112026306861, -0.7832409519665787, -0.4473073616100269]  [-0.6045133089705113, -0.44252750805324814, -0.7556466928052348, -0.6831712451502749, -0.6856812644333778, -0.9498993335702871, -0.6856895776525321, -0.9496541382182513, -0.7558343151559146, -0.6828103341402217, -0.6048090364508378, -0.44252820692977235]
12  0.9  100  -12.873964397787352  -11.621465863887106  [-0.6039180052053302, -0.39536228194818257, -0.7627396322563862, -0.4565573914713388, -0.6870172028900994, -0.520598051170546, -0.6870178559361304, -0.5205974360239847, -0.7627409669884677, -0.4565568187004476, -0.6039187083892092, -0.3953623458188001]  [-0.5442618326143576, -0.39999887172444176, -0.7355051705359805, -0.5951329049498433, -0.7491485520052387, -0.7903705544825386, -0.7493129562202534, -0.7907388966548553, -0.7355544176194431, -0.5956210564789158, -0.5440543021380932, -0.4000263084023902]
12  0.8  100  -13.969478157659124  -12.008342322643976  [-0.4530108998337121, -0.3126639423207451, -0.5252959544299673, -0.3464071811123828, -0.4634812152574131, -0.4061361778934154, -0.4634813517098735, -0.40613613569250995, -0.5252961157871386, -0.34640713582982596, -0.4530109565200149, -0.31266397102004634]  [-0.4369310723894201, -0.32231516551951245, -0.5870711304874373, -0.4638197302731868, -0.6371029509386036, -0.6348663798623244, -0.6372705146033826, -0.6350863554324778, -0.5872845892508533, -0.46417661456482423, -0.4368875094351828, -0.32236261405304495]
12  0.7  100  -16.952733707154973  -13.937344669647652  [-0.28794124764387713, -0.15631230304553945, -0.21188786077364127, -0.05671766485924898, -0.1387205505020649, -0.10650074862181531, -0.13872065166430356, -0.10650083000753327, -0.2118879539294253, -0.0567177223453615, -0.28794128178594175, -0.15631232129408104]  [-0.28831705220461673, -0.17076921140369633, -0.31915810368750375, -0.19311728140836337, -0.38125091676793366, -0.3746079271015105, -0.3821037210142815, -0.37556375857722146, -0.320111395599276, -0.1943090980175649, -0.28834498910622275, -0.17093263617628562]
12  0.6  100  -23.245006637012104  -18.571359889388  [-0.011011630727906636, 0.15976279543398322, 0.3474265109273147, 0.5371509124481348, 0.48347131312362157, 0.5083089543435044, 0.48347138808723966, 0.5083090047235652, 0.3474266688857168, 0.5371510466483159, -0.011011584714017031, 0.1597628422751273]  [-0.02697562903746665, 0.13697885436960433, 0.1715034132420557, 0.3447849096779376, 0.13063900350978352, 0.1396787670461432, 0.12844939992840032, 0.13736246600039798, 0.1687356229846143, 0.3417699002579845, -0.02729372870432725, 0.13654023735234178]
12  0.5  100  -35.54793912641518  -28.13818902461567  [0.45233904844562134, 0.6431723049192383, 1.1086781075706305, 1.3105634297025837, 1.2874584625672771, 1.3010183999252884, 1.2874584780392593, 1.301018460238026, 1.108678104806368, 1.310563509270184, 0.4523390161706011, 0.6431723101353953]  [0.4129092747527819, 0.6316982789476334, 0.8622247372973969, 1.1084582483814962, 0.8549313642108841, 0.8973453152584486, 0.8510732398813978, 0.8953845068920011, 0.8561254819931191, 1.1054223724408605, 0.4116568580968045, 0.6316119369495083]
12  0.4  100  -59.08683128853341  -46.921146475515144  [0.9622822123074558, 1.0934534178366686, 1.7336392615628333, 1.8680027877729244, 1.8564954487195289, 1.8600671418976855, 1.856495454009497, 1.8600671522942887, 1.7336392731230248, 1.8680028078262767, 0.962282223990403, 1.0934534329061358]  [0.8785404472309302, 1.1364990501103855, 1.4123195249919482, 1.7905053603311785, 1.3873466037597058, 1.6156219493204227, 1.378515522179506, 1.6203603606037231, 1.3961312843014992, 1.7963499833880299, 0.8731825275362259, 1.1396045031233153]
12  0.3  100  -109.0286267022953  -86.98014826105509  [1.3100885927586439, 1.3630132396115529, 2.079766438118341, 2.1331013008793276, 2.1280600161346372, 2.128487520865299, 2.1280599951809522, 2.128487509973851, 2.079766469898056, 2.1331013245680372, 1.3100886218522927, 1.363013250551957]  [1.1843848636308962, 1.4414549411097104, 1.7275533208808387, 2.1421936410309352, 1.6727879065967088, 1.969785494695099, 1.6631744222332465, 1.978262207339065, 1.7191798559712062, 2.144088504010716, 1.190613644859655, 1.439861863049417]
12  0.2  100  -249.0468455462426  -199.12156865719774  [1.4609258396356843, 1.4723443095621533, 2.2153512182887254, 2.22678718522551, 2.225556878881659, 2.225566986942035, 2.225927856188483, 2.2259883565345504, 2.215739720340022, 2.2272775951531574, 1.4608370269673379, 1.4723070124847424]  [1.320961606270386, 1.562408346751642, 1.851145730886023, 2.266406645394399, 1.7794815995222908, 2.101278341429662, 1.7739670883946033, 2.106495658554125, 1.8543083996844167, 2.264599626424854, 1.3329568239865333, 1.5587020571954517]
12  0.1  100  -999.7601066658458  -799.7785810907659  [1.4975353609516202, 1.4982024269648546, 2.2478268342159486, 2.248493978468264, 2.248468949711657, 2.2484690380575256, 2.248448602102343, 2.248448682440593, 2.247742667051177, 2.2484709274056076, 1.4975348752487254, 1.4982630653717077]  [1.3308713529471676, 1.605899216062162, 1.8415383083193249, 2.2918709269456095, 1.8041764691564997, 2.1165397740897998, 1.8348457980302362, 2.1435871668469213, 1.9144373028573785, 2.288120605551023, 1.3779573646095185, 1.5799578111274641]
12  0.05  100  -3999.9400021006177  -3199.944573472399  [1.4998458682606373, 1.4998876069984106, 2.249864162115017, 2.249905901181184, 2.2499043692815244, 2.2499043696166794, 2.2499030422391, 2.249903042517026, 2.2498586921945796, 2.249904261565905, 1.4998458393278384, 1.4998914084280697]  [1.3067806493540903, 1.624933672412482, 1.782611521907988, 2.298645561890213, 1.7987621285084252, 2.1195417926230826, 1.8794201203738172, 2.1562536503790843, 1.951095138027568, 2.285659463382145, 1.3925853502456345, 1.5732147526943998]
12  0.01  100  -99999.99761090279  -79999.99739368049  [1.4999997533256766, 1.499999820115928, 2.2499997827169644, 2.249999849507775, 2.2499998471846583, 2.2499998471853377, 2.2499998448294254, 2.24999984482954, 2.2499997737835318, 2.249999846700189, 1.4999997533029965, 1.4999998262196583]  [1.2478002152411145, 1.6628580532195896, 1.6833593096776402, 2.296575111088602, 1.8281555969441328, 2.1226599932280625, 1.9595785772473442, 2.1765986747609887, 2.015794363116108, 2.278038989822869, 1.4159134265153654, 1.5574843440765505]
12  3.0  100  -99.00214049020089  -72.00120017916828  [-0.9999816404611203, -0.4999944859669667, -1.4999632814356634, -0.4999889720855921, -1.4999632816647874, -0.49998897181429464, -1.4999632817623418, -0.4999889718054014, -1.4999632818444035, -0.4999889719547529, -0.9999816408988934, -0.4999944859716082]  [9.277770422254582e-39, -1.708375196705895e-34, -0.4999944858883782, -0.4999944858883782, -1.4999720569180455, -1.4999720569180457, -1.499972056604201, -1.499972056604201, -0.49999448563069293, -0.49999448563103993, -7.928127576110233e-32, -3.469818613916274e-13]
12  2.0  100  -44.02476251594734  -32.01387268613733  [-0.999514594981767, -0.4998544522051376, -1.499029138129448, -0.4997092503963241, -1.4990286722081516, -0.4997092234981676, -1.4990286217473723, -0.4997092340040532, -1.4990290246404836, -0.49970925521683474, -0.999514530343769, -0.4998544449099497]  [-1.8066267909676516e-7, -1.0842785243463385e-7, -0.4998544631613384, -0.49985439092645856, -1.4992625463857434, -1.4992625463857436, -1.4992626239777642, -1.49926262397771, -0.4998544710108717, -0.49985440722163793, -1.6245646112780662e-7, -9.866678492279794e-8]
12  1.5  100  -24.895050236994386  -18.081064365051045  [-0.9947278872942755, -0.49843122462774775, -1.489446201424577, -0.4969059651290096, -1.489389286843697, -0.4969033844388493, -1.4893892894000322, -0.4969033854370736, -1.489446200399706, -0.49690596371496043, -0.9947278848634975, -0.49843122336579154]  [-2.11896110469059e-5, -1.2854213544004691e-5, -0.49843508719178764, -0.49842675174986395, -1.4920307936970614, -1.4920307936535795, -1.492030796740313, -1.4920307967075577, -0.4984351007629604, -0.49842676339124337, -2.1193754315654896e-5, -1.2856416190879564e-5]
12  1.0  100  -13.085761026494323  -12.17436527487856  [-0.7831870913414032, -0.4473038295833245, -1.066373192476122, -0.46574898952179633, -1.0073978605215115, -0.49943356967379426, -1.0074254732477304, -0.49940205840512103, -1.0664448593968219, -0.4657112026306861, -0.7832409519665787, -0.4473073616100269]  [-0.6045133089705113, -0.44252750805324814, -0.7556466928052348, -0.6831712451502749, -0.6856812644333778, -0.9498993335702871, -0.6856895776525321, -0.9496541382182513, -0.7558343151559146, -0.6828103341402217, -0.6048090364508378, -0.44252820692977235]
12  0.9  100  -12.873964397787352  -11.621465863887106  [-0.6039180052053302, -0.39536228194818257, -0.7627396322563862, -0.4565573914713388, -0.6870172028900994, -0.520598051170546, -0.6870178559361304, -0.5205974360239847, -0.7627409669884677, -0.4565568187004476, -0.6039187083892092, -0.3953623458188001]  [-0.5442618326143576, -0.39999887172444176, -0.7355051705359805, -0.5951329049498433, -0.7491485520052387, -0.7903705544825386, -0.7493129562202534, -0.7907388966548553, -0.7355544176194431, -0.5956210564789158, -0.5440543021380932, -0.4000263084023902]
12  0.8  100  -13.969478157659124  -12.008342322643976  [-0.4530108998337121, -0.3126639423207451, -0.5252959544299673, -0.3464071811123828, -0.4634812152574131, -0.4061361778934154, -0.4634813517098735, -0.40613613569250995, -0.5252961157871386, -0.34640713582982596, -0.4530109565200149, -0.31266397102004634]  [-0.4369310723894201, -0.32231516551951245, -0.5870711304874373, -0.4638197302731868, -0.6371029509386036, -0.6348663798623244, -0.6372705146033826, -0.6350863554324778, -0.5872845892508533, -0.46417661456482423, -0.4368875094351828, -0.32236261405304495]
12  0.7  100  -16.952733707154973  -13.937344669647652  [-0.28794124764387713, -0.15631230304553945, -0.21188786077364127, -0.05671766485924898, -0.1387205505020649, -0.10650074862181531, -0.13872065166430356, -0.10650083000753327, -0.2118879539294253, -0.0567177223453615, -0.28794128178594175, -0.15631232129408104]  [-0.28831705220461673, -0.17076921140369633, -0.31915810368750375, -0.19311728140836337, -0.38125091676793366, -0.3746079271015105, -0.3821037210142815, -0.37556375857722146, -0.320111395599276, -0.1943090980175649, -0.28834498910622275, -0.17093263617628562]
12  0.6  100  -23.245006637012104  -18.571359889388  [-0.011011630727906636, 0.15976279543398322, 0.3474265109273147, 0.5371509124481348, 0.48347131312362157, 0.5083089543435044, 0.48347138808723966, 0.5083090047235652, 0.3474266688857168, 0.5371510466483159, -0.011011584714017031, 0.1597628422751273]  [-0.02697562903746665, 0.13697885436960433, 0.1715034132420557, 0.3447849096779376, 0.13063900350978352, 0.1396787670461432, 0.12844939992840032, 0.13736246600039798, 0.1687356229846143, 0.3417699002579845, -0.02729372870432725, 0.13654023735234178]
12  0.5  100  -35.54793912641518  -28.13818902461567  [0.45233904844562134, 0.6431723049192383, 1.1086781075706305, 1.3105634297025837, 1.2874584625672771, 1.3010183999252884, 1.2874584780392593, 1.301018460238026, 1.108678104806368, 1.310563509270184, 0.4523390161706011, 0.6431723101353953]  [0.4129092747527819, 0.6316982789476334, 0.8622247372973969, 1.1084582483814962, 0.8549313642108841, 0.8973453152584486, 0.8510732398813978, 0.8953845068920011, 0.8561254819931191, 1.1054223724408605, 0.4116568580968045, 0.6316119369495083]
12  0.4  100  -59.08683128853341  -46.921146475515144  [0.9622822123074558, 1.0934534178366686, 1.7336392615628333, 1.8680027877729244, 1.8564954487195289, 1.8600671418976855, 1.856495454009497, 1.8600671522942887, 1.7336392731230248, 1.8680028078262767, 0.962282223990403, 1.0934534329061358]  [0.8785404472309302, 1.1364990501103855, 1.4123195249919482, 1.7905053603311785, 1.3873466037597058, 1.6156219493204227, 1.378515522179506, 1.6203603606037231, 1.3961312843014992, 1.7963499833880299, 0.8731825275362259, 1.1396045031233153]
12  0.3  100  -109.0286267022953  -86.98014826105509  [1.3100885927586439, 1.3630132396115529, 2.079766438118341, 2.1331013008793276, 2.1280600161346372, 2.128487520865299, 2.1280599951809522, 2.128487509973851, 2.079766469898056, 2.1331013245680372, 1.3100886218522927, 1.363013250551957]  [1.1843848636308962, 1.4414549411097104, 1.7275533208808387, 2.1421936410309352, 1.6727879065967088, 1.969785494695099, 1.6631744222332465, 1.978262207339065, 1.7191798559712062, 2.144088504010716, 1.190613644859655, 1.439861863049417]
12  0.2  100  -249.0468455462426  -199.12156865719774  [1.4609258396356843, 1.4723443095621533, 2.2153512182887254, 2.22678718522551, 2.225556878881659, 2.225566986942035, 2.225927856188483, 2.2259883565345504, 2.215739720340022, 2.2272775951531574, 1.4608370269673379, 1.4723070124847424]  [1.320961606270386, 1.562408346751642, 1.851145730886023, 2.266406645394399, 1.7794815995222908, 2.101278341429662, 1.7739670883946033, 2.106495658554125, 1.8543083996844167, 2.264599626424854, 1.3329568239865333, 1.5587020571954517]
12  0.1  100  -999.7601066658458  -799.7785810907659  [1.4975353609516202, 1.4982024269648546, 2.2478268342159486, 2.248493978468264, 2.248468949711657, 2.2484690380575256, 2.248448602102343, 2.248448682440593, 2.247742667051177, 2.2484709274056076, 1.4975348752487254, 1.4982630653717077]  [1.3308713529471676, 1.605899216062162, 1.8415383083193249, 2.2918709269456095, 1.8041764691564997, 2.1165397740897998, 1.8348457980302362, 2.1435871668469213, 1.9144373028573785, 2.288120605551023, 1.3779573646095185, 1.5799578111274641]
12  0.05  100  -3999.9400021006177  -3199.944573472399  [1.4998458682606373, 1.4998876069984106, 2.249864162115017, 2.249905901181184, 2.2499043692815244, 2.2499043696166794, 2.2499030422391, 2.249903042517026, 2.2498586921945796, 2.249904261565905, 1.4998458393278384, 1.4998914084280697]  [1.3067806493540903, 1.624933672412482, 1.782611521907988, 2.298645561890213, 1.7987621285084252, 2.1195417926230826, 1.8794201203738172, 2.1562536503790843, 1.951095138027568, 2.285659463382145, 1.3925853502456345, 1.5732147526943998]
12  0.01  100  -99999.99761090279  -79999.99739368049  [1.4999997533256766, 1.499999820115928, 2.2499997827169644, 2.249999849507775, 2.2499998471846583, 2.2499998471853377, 2.2499998448294254, 2.24999984482954, 2.2499997737835318, 2.249999846700189, 1.4999997533029965, 1.4999998262196583]  [1.2478002152411145, 1.6628580532195896, 1.6833593096776402, 2.296575111088602, 1.8281555969441328, 2.1226599932280625, 1.9595785772473442, 2.1765986747609887, 2.015794363116108, 2.278038989822869, 1.4159134265153654, 1.5574843440765505]
12  3.0  200  -99.0021405109259  -72.00120019956545  [-0.9999816399825826, -0.4999944857508315, -1.4999632798850615, -0.4999889720213719, -1.4999632792527364, -0.4999889719894899, -1.499963279252678, -0.49998897198954295, -1.4999632798847211, -0.4999889720188426, -0.9999816399823016, -0.4999944857482499]  [-2.638959214337451e-10, -1.5725934587378256e-10, -0.4999944857956997, -0.49999448568906313, -1.4999720549362372, -1.4999720549362372, -1.499972054935349, -1.4999720549353492, -0.4999944857960867, -0.4999944856894501, -2.6389594976783634e-10, -1.5725935977563189e-10]
12  2.0  200  -44.02476257303273  -32.01387269335917  [-0.9995145226695658, -0.49985444358652936, -1.4990289763605262, -0.4997092485595192, -1.4990285193406974, -0.49970922282591984, -1.4990285193410522, -0.49970922282637753, -1.4990289763512086, -0.49970924855989407, -0.9995145226601236, -0.4998544435866802]  [-1.8089015978214244e-7, -1.085577155856635e-7, -0.4998544779250123, -0.4998544055925681, -1.4992625630116556, -1.4992625630116407, -1.4992625630132501, -1.49926256301325, -0.49985447792539095, -0.49985440559164973, -1.8088990249835516e-7, -1.08556161293378e-7]
12  1.5  200  -24.895050237177514  -18.081064365148958  [-0.9947278828927425, -0.4984312236774812, -1.489446194789601, -0.49690596582390273, -1.4893892763805943, -0.4969033892417288, -1.4893892763809748, -0.49690338924107336, -1.489446194790879, -0.49690596582361357, -0.9947278828933336, -0.4984312236775417]  [-2.1194837704850576e-5, -1.2856967581615785e-5, -0.49843509813958814, -0.49842676023138505, -1.492030764014944, -1.4920307639768633, -1.4920307640172508, -1.4920307639823545, -0.49843509813707243, -0.49842676023810134, -2.1194831934333313e-5, -1.2856967856011546e-5]
12  1.0  200  -13.085761104625226  -12.17436564515135  [-0.7831737594303747, -0.4473026934404119, -1.066347028130381, -0.46575715307021076, -1.0073641928224015, -0.49945085425978475, -1.007364192876733, -0.4994508542636755, -1.0663470281756164, -0.4657571532398177, -0.7831737592772169, -0.4473026934620519]  [-0.6045512073789177, -0.4425301516419612, -0.7557277374974516, -0.6831127441912455, -0.685711932029053, -0.9497184891632264, -0.6857119324808543, -0.9497184831047059, -0.7557277420020261, -0.6831127374492607, -0.6045512120313628, -0.44253015155815123]
12  0.9  200  -12.873964397946857  -11.621466136141365  [-0.6039167635910008, -0.39536219749462614, -0.7627376685915565, -0.45655861340737525, -0.6870140873584439, -0.520600397879797, -0.6870140873525414, -0.520600397884089, -0.7627376685082488, -0.4565586134730888, -0.6039167634576627, -0.39536219750010015]  [-0.5441560325258319, -0.4000145634669549, -0.7355430775618643, -0.5953868390648124, -0.7492343558495811, -0.7905454034655659, -0.7492343879346066, -0.790545475673195, -0.7355430881207848, -0.5953869339099921, -0.5441559933110084, -0.4000145684157712]
12  0.8  200  -13.96947815897547  -12.008343060740662  [-0.45301080866263554, -0.3126639392298224, -0.5252958164079408, -0.34640722511827365, -0.4634809064904767, -0.4061364232924278, -0.4634809065040111, -0.40613642330428673, -0.5252958163971202, -0.34640722502437393, -0.4530108086779741, -0.31266393916375046]  [-0.43688418072349106, -0.3223727984834002, -0.5872910616766904, -0.464189611455618, -0.636988674563598, -0.634786474342413, -0.6369888310092334, -0.6347866771022272, -0.5872912338817713, -0.46418989813096867, -0.43688414577552115, -0.32237283169150477]
12  0.7  200  -16.95273371206396  -13.937345729542155  [-0.2879412489060633, -0.15631231078080388, -0.21188786219631534, -0.056717678553559615, -0.13872054991987995, -0.10650075882019767, -0.138720549774295, -0.10650075868826916, -0.21188786199469561, -0.0567176783304469, -0.2879412488475336, -0.15631231068711965]  [-0.28834414680773063, -0.17088428864470012, -0.31974167520326113, -0.1938441722324417, -0.381502242879425, -0.37490517186242345, -0.3815054271792082, -0.3749087834740857, -0.3197457242699889, -0.1938492556208986, -0.288344306764109, -0.17088505561088044]
12  0.6  200  -23.245006645545402  -18.571363202410826  [-0.011011642708809041, 0.15976277558408825, 0.34742648540365373, 0.5371508770446118, 0.48347125086814624, 0.5083088868199801, 0.48347125051377937, 0.5083088875003323, 0.34742648446788826, 0.5371508781187977, -0.011011643806262739, 0.15976277546186798]  [-0.027207050831291747, 0.1366637335719269, 0.16978258611282696, 0.3429222034322421, 0.1300437282187057, 0.13905416542285146, 0.1300167317888556, 0.13902553503958198, 0.16974470085178675, 0.34288091894792677, -0.02721193231060015, 0.13665708682305833]
12  0.5  200  -35.547939132329546  -28.138215243361735  [0.4523390370148118, 0.6431722890745584, 1.1086780926928403, 1.3105634075945138, 1.2874584436030438, 1.3010183798615476, 1.287458443809602, 1.3010183800643331, 1.1086780930761397, 1.3105634080961293, 0.452339037176656, 0.6431722893583035]  [0.4115200071680314, 0.6319385788248187, 0.855805767124544, 1.1082217290397969, 0.8509592954368377, 0.9026762167330151, 0.8508354330218821, 0.9025700044222826, 0.8556048173655615, 1.108071432052982, 0.4114779977935332, 0.6319295721267831]
12  0.4  200  -59.08683128853601  -46.921786926644444  [0.9622822150202165, 1.0934534237571254, 1.7336392622126096, 1.8680027916825455, 1.8564954445874464, 1.860067134988762, 1.8564954443069683, 1.860067134805187, 1.733639261868118, 1.8680027914808675, 0.9622822148633697, 1.0934534236462838]  [0.8668226086805854, 1.144001602816895, 1.3719714268347458, 1.8210473951954358, 1.3407409630736455, 1.679750199818587, 1.3402889159151319, 1.6797990115135772, 1.3710166460618542, 1.8211451194489827, 0.8664675788670364, 1.1441982192944669]
12  0.2  200  -249.04685261451786  -199.12593778560955  [1.4609260088432734, 1.4723446503807014, 2.2158856177133837, 2.227321773890964, 2.2261664363603044, 2.226184103259727, 2.226166436716521, 2.226184103616056, 2.2158856173010077, 2.2273217734786868, 1.4609260088436524, 1.4723446503810709]  [1.2660586123566764, 1.5801330401193607, 1.7136837661597506, 2.3630753694888726, 1.615306637059689, 2.32464258164992, 1.586393220395279, 2.3505075540484697, 1.649516951125724, 2.3979665514561255, 1.234587765646465, 1.5929418017348453]
12  0.1  200  -999.7601073479349  -799.7784188100879  [1.497534873137778, 1.4982630632840004, 2.2478608804024027, 2.2485891403838036, 2.248514318870171, 2.248514388743668, 2.248514318870168, 2.2485143887436787, 2.2478608804020705, 2.2485891403835083, 1.4975348731377476, 1.4982630632839933]  [1.3045001770952986, 1.6226082675630367, 1.7958627966401663, 2.290791606040165, 1.8071771766617017, 2.1090621996918015, 1.8722851109156298, 2.153731891669977, 1.9443806751126163, 2.285133545985018, 1.3882267053973518, 1.5725970996051521]
