12  3.0  200  -144.00171997034607  [-0.9999904151948051, -0.9999904151948051, -1.4999808304193778, -1.4999808304193778, -1.4999808304012086, -1.4999808304012083, -1.4999808304012086, -1.4999808304012086, -1.4999808304193776, -1.4999808304193776, -0.9999904151948052, -0.9999904151948052]
12  2.0  200  -64.01983689999611  [-0.9997482081732658, -0.9997482081732658, -1.4994964368665094, -1.4994964368665094, -1.49949642432409, -1.4994964243240898, -1.4994964243237179, -1.499496424323718, -1.4994964368653356, -1.4994964368653356, -0.9997482081723834, -0.9997482081723834]
12  1.5  200  -36.11516810924024  [-0.9973198020421099, -0.9973198020421099, -1.4946419207691017, -1.494641920769102, -1.4946405031653158, -1.4946405031653123, -1.494640503165495, -1.4946405031654946, -1.4946419207710033, -1.4946419207710036, -0.9973198020420866, -0.9973198020420866]
12  1.0  200  -17.526738969015558  [-0.9134611144661207, -0.9134611144661207, -1.3293599002694685, -1.3293599002728627, -1.328264484538616, -1.3282644845427423, -1.3282644845490148, -1.3282644845475355, -1.3293599002750571, -1.329359900272781, -0.913461114461905, -0.913461114461905]
12  0.9  200  -15.9440747510853  [-0.8051527135902423, -0.8051527135902423, -1.1225536532216, -1.1225536532218214, -1.1190922078581387, -1.1190922078631516, -1.1190922076071501, -1.1190922076164733, -1.1225536527590563, -1.1225536527635929, -0.805152713333642, -0.805152713333642]
12  0.8  200  -16.074150746473336  [-0.6235436336017506, -0.6235436336017506, -0.7859710831171345, -0.7859710831171423, -0.7802536046308297, -0.7802536046304803, -0.780253603503, -0.7802536035025321, -0.7859710810073632, -0.7859710810072608, -0.6235436324914168, -0.6235436324914168]
12  0.7  200  -18.611797459424245  [-0.41453919914124593, -0.41453919914124593, -0.3812094715068528, -0.38120947150684037, -0.3664983519352811, -0.3664983519353244, -0.3664983518740215, -0.3664983518740417, -0.38120947124368454, -0.3812094712436493, -0.4145391988717078, -0.4145391988717078]
12  0.6  200  -24.599012885833186  [-0.16799670739893288, -0.16799670739893288, 0.12502492316228758, 0.1250249231622988, 0.17722263999299462, 0.1772226399931235, 0.17722264026224208, 0.17722264026234633, 0.12502492359461947, 0.12502492359460615, -0.167996707392983, -0.167996707392983]
12  0.5  200  -36.38776018438577  [0.21658506600160693, 0.21658506600160693, 0.7895720743019836, 0.7895720743022351, 0.8905915415694613, 0.8905915415712374, 0.8905915417363558, 0.890591541740468, 0.789572074602328, 0.7895720746049177, 0.2165850661782025, 0.2165850661782025]
12  0.4  200  -59.40806916692321  [0.7496351052598451, 0.7496351052598451, 1.485888151969086, 1.4858881519690932, 1.5809037802288084, 1.580903780228663, 1.5809037797695906, 1.5809037797694672, 1.4858881518128713, 1.485888151812865, 0.7496351051696573, 0.7496351051696571]
12  0.3  200  -109.09714498934224  [1.210985927641571, 1.210985927641571, 1.975471205236871, 1.9754712052368708, 2.0199745053265317, 2.0199745053265312, 2.0199745052173075, 2.0199745052173075, 1.9754712050473366, 1.9754712050473366, 1.2109859275354204, 1.2109859275354204]
12  0.2  200  -249.05328086628924  [1.4383796343085962, 1.4383796343085962, 2.1931081519944575, 2.193108151994457, 2.203225897472987, 2.203225897472981, 2.203225898834966, 2.2032258988349662, 2.193108151711921, 2.193108151711921, 1.4383796343092634, 1.4383796343092632]
12  0.1  200  -999.7602093108522  [1.4960796539566998, 1.4960796539566998, 2.246404731873076, 2.246404731873076, 2.2470575198235494, 2.2470575198235503, 2.24705751982356, 2.24705751982356, 2.246404731872587, 2.2464047318725866, 1.4960796539566985, 1.4960796539566985]
12  0.05  200  -3999.94000363798  [1.4997547055605307, 1.4997547055605305, 2.2497751403539277, 2.249775140353928, 2.2498160203160547, 2.2498160203160547, 2.2498160203160555, 2.2498160203160555, 2.2497751403539317, 2.2497751403539317, 1.4997547055605336, 1.4997547055605336]
12  0.01  200  -99999.9976091815  [1.499999607369273, 1.4999996073692723, 2.2499996400042077, 2.2499996400042077, 2.249999705355485, 2.249999705355485, 2.2499997053554726, 2.2499997053554726, 2.249999640004191, 2.249999640004191, 1.4999996073692687, 1.4999996073692685]
